1	-0.0650000000000000 	-0.4268000000000000 	0
2	-0.0647525000000000 	-0.4268123750450000 	0
3	-0.0645050000000000 	-0.4268247500860000 	0
4	-0.0642575000000000 	-0.4268371251240000 	0
5	-0.0640100000000000 	-0.4268495001590000 	0
6	-0.0637625000000000 	-0.4268618751910000 	0
7	-0.0635150000000000 	-0.4268742502190000 	0
8	-0.0632675000000000 	-0.4268866252450000 	0
9	-0.0630200000000000 	-0.4268990002680000 	0
10	-0.0627725000000000 	-0.4269113752880000 	0
11	-0.0625250000000000 	-0.4269237503060000 	0
12	-0.0622775000000000 	-0.4269361253210000 	0
13	-0.0620300000000000 	-0.4269485003330000 	0
14	-0.0617825000000000 	-0.4269608753430000 	0
15	-0.0615350000000000 	-0.4269732503510000 	0
16	-0.0612875000000000 	-0.4269856253560000 	0
17	-0.0610400000000000 	-0.4269980003590000 	0
18	-0.0607925000000000 	-0.4270103753610000 	0
19	-0.0605450000000000 	-0.4270227503600000 	0
20	-0.0602975000000000 	-0.4270351253570000 	0
21	-0.0600500000000000 	-0.4270475003520000 	0
22	-0.0598025000000000 	-0.4270598753460000 	0
23	-0.0595550000000000 	-0.4270722503380000 	0
24	-0.0593075000000000 	-0.4270846253290000 	0
25	-0.0590600000000000 	-0.4270970003180000 	0
26	-0.0588125000000000 	-0.4271093753050000 	0
27	-0.0585650000000000 	-0.4271217502920000 	0
28	-0.0583175000000000 	-0.4271341252770000 	0
29	-0.0580700000000000 	-0.4271465002600000 	0
30	-0.0578225000000000 	-0.4271588752430000 	0
31	-0.0575750000000000 	-0.4271712502250000 	0
32	-0.0573275000000000 	-0.4271836252060000 	0
33	-0.0570800000000000 	-0.4271960001860000 	0
34	-0.0568325000000000 	-0.4272083751660000 	0
35	-0.0565850000000000 	-0.4272207501450000 	0
36	-0.0563375000000000 	-0.4272331251230000 	0
37	-0.0560900000000000 	-0.4272455001010000 	0
38	-0.0558425000000000 	-0.4272578750780000 	0
39	-0.0555950000000000 	-0.4272702500560000 	0
40	-0.0553475000000000 	-0.4272826250330000 	0
41	-0.0551000000000000 	-0.4272950000090000 	0
42	-0.0548525000000000 	-0.4273073749860000 	0
43	-0.0546050000000000 	-0.4273197499630000 	0
44	-0.0543575000000000 	-0.4273321249400000 	0
45	-0.0541100000000000 	-0.4273444999170000 	0
46	-0.0538625000000000 	-0.4273568748950000 	0
47	-0.0536150000000000 	-0.4273692498730000 	0
48	-0.0533675000000000 	-0.4273816248510000 	0
49	-0.0531200000000000 	-0.4273939998300000 	0
50	-0.0528725000000000 	-0.4274063748100000 	0
51	-0.0526250000000000 	-0.4274187497900000 	0
52	-0.0523775000000000 	-0.4274311247710000 	0
53	-0.0521300000000000 	-0.4274434997530000 	0
54	-0.0518825000000000 	-0.4274558747360000 	0
55	-0.0516350000000000 	-0.4274682497200000 	0
56	-0.0513875000000000 	-0.4274806247060000 	0
57	-0.0511400000000000 	-0.4274929996920000 	0
58	-0.0508925000000000 	-0.4275053746800000 	0
59	-0.0506450000000000 	-0.4275177496690000 	0
60	-0.0503975000000000 	-0.4275301246600000 	0
61	-0.0501500000000000 	-0.4275424996530000 	0
62	-0.0499025000000000 	-0.4275548746470000 	0
63	-0.0496550000000000 	-0.4275672496420000 	0
64	-0.0494075000000000 	-0.4275796246400000 	0
65	-0.0491600000000000 	-0.4275919996400000 	0
66	-0.0489125000000000 	-0.4276043746410000 	0
67	-0.0486650000000000 	-0.4276167496450000 	0
68	-0.0484175000000000 	-0.4276291246510000 	0
69	-0.0481700000000000 	-0.4276414996590000 	0
70	-0.0479225000000000 	-0.4276538746690000 	0
71	-0.0476750000000000 	-0.4276662496820000 	0
72	-0.0474275000000000 	-0.4276786246970000 	0
73	-0.0471800000000000 	-0.4276909997150000 	0
74	-0.0469325000000000 	-0.4277033747360000 	0
75	-0.0466850000000000 	-0.4277157497600000 	0
76	-0.0464375000000000 	-0.4277281247860000 	0
77	-0.0461900000000000 	-0.4277404998150000 	0
78	-0.0459425000000000 	-0.4277528748480000 	0
79	-0.0456950000000000 	-0.4277652498830000 	0
80	-0.0454475000000000 	-0.4277776249220000 	0
81	-0.0452000000000000 	-0.4277899999640000 	0
82	-0.0449525000000000 	-0.4278023750090000 	0
83	-0.0447050000000000 	-0.4278147500580000 	0
84	-0.0444575000000000 	-0.4278271251090000 	0
85	-0.0442100000000000 	-0.4278395001630000 	0
86	-0.0439625000000000 	-0.4278518752190000 	0
87	-0.0437150000000000 	-0.4278642502770000 	0
88	-0.0434675000000000 	-0.4278766253360000 	0
89	-0.0432200000000000 	-0.4278890003960000 	0
90	-0.0429725000000000 	-0.4279013754560000 	0
91	-0.0427250000000000 	-0.4279137505170000 	0
92	-0.0424775000000000 	-0.4279261255760000 	0
93	-0.0422300000000000 	-0.4279385006350000 	0
94	-0.0419825000000000 	-0.4279508756930000 	0
95	-0.0417350000000000 	-0.4279632507480000 	0
96	-0.0414875000000000 	-0.4279756258020000 	0
97	-0.0412400000000000 	-0.4279880008530000 	0
98	-0.0409925000000000 	-0.4280003759010000 	0
99	-0.0407450000000000 	-0.4280127509450000 	0
100	-0.0404975000000000 	-0.4280251259860000 	0
101	-0.0402500000000000 	-0.4280375010220000 	0
102	-0.0400025000000000 	-0.4280498760540000 	0
103	-0.0397550000000000 	-0.4280622510800000 	0
104	-0.0395075000000000 	-0.4280746261010000 	0
105	-0.0392600000000000 	-0.4280870011150000 	0
106	-0.0390125000000000 	-0.4280993761240000 	0
107	-0.0387650000000000 	-0.4281117511250000 	0
108	-0.0385175000000000 	-0.4281241261200000 	0
109	-0.0382700000000000 	-0.4281365011060000 	0
110	-0.0380225000000000 	-0.4281488760840000 	0
111	-0.0377750000000000 	-0.4281612510540000 	0
112	-0.0375275000000000 	-0.4281736260150000 	0
113	-0.0372800000000000 	-0.4281860009660000 	0
114	-0.0370325000000000 	-0.4281983759080000 	0
115	-0.0367850000000000 	-0.4282107508390000 	0
116	-0.0365375000000000 	-0.4282231257590000 	0
117	-0.0362900000000000 	-0.4282355006690000 	0
118	-0.0360425000000000 	-0.4282478755670000 	0
119	-0.0357950000000000 	-0.4282602504530000 	0
120	-0.0355475000000000 	-0.4282726253260000 	0
121	-0.0353000000000000 	-0.4282850001870000 	0
122	-0.0350525000000000 	-0.4282973750340000 	0
123	-0.0348050000000000 	-0.4283097498680000 	0
124	-0.0345575000000000 	-0.4283221246890000 	0
125	-0.0343100000000000 	-0.4283344995000000 	0
126	-0.0340625000000000 	-0.4283468743010000 	0
127	-0.0338150000000000 	-0.4283592490950000 	0
128	-0.0335675000000000 	-0.4283716238820000 	0
129	-0.0333200000000000 	-0.4283839986660000 	0
130	-0.0330725000000000 	-0.4283963734460000 	0
131	-0.0328250000000000 	-0.4284087482250000 	0
132	-0.0325775000000000 	-0.4284211230050000 	0
133	-0.0323300000000000 	-0.4284334977870000 	0
134	-0.0320825000000000 	-0.4284458725720000 	0
135	-0.0318350000000000 	-0.4284582473630000 	0
136	-0.0315875000000000 	-0.4284706221610000 	0
137	-0.0313400000000000 	-0.4284829969670000 	0
138	-0.0310925000000000 	-0.4284953717830000 	0
139	-0.0308450000000000 	-0.4285077466120000 	0
140	-0.0305975000000000 	-0.4285201214530000 	0
141	-0.0303500000000000 	-0.4285324963100000 	0
142	-0.0301025000000000 	-0.4285448711830000 	0
143	-0.0298550000000000 	-0.4285572460750000 	0
144	-0.0296075000000000 	-0.4285696209860000 	0
145	-0.0293600000000000 	-0.4285819959190000 	0
146	-0.0291125000000000 	-0.4285943708750000 	0
147	-0.0288650000000000 	-0.4286067458560000 	0
148	-0.0286175000000000 	-0.4286191208630000 	0
149	-0.0283700000000000 	-0.4286314958980000 	0
150	-0.0281225000000000 	-0.4286438709630000 	0
151	-0.0278750000000000 	-0.4286562460590000 	0
152	-0.0276275000000000 	-0.4286686211880000 	0
153	-0.0273800000000000 	-0.4286809963510000 	0
154	-0.0271325000000000 	-0.4286933715510000 	0
155	-0.0268850000000000 	-0.4287057467880000 	0
156	-0.0266375000000000 	-0.4287181220640000 	0
157	-0.0263900000000000 	-0.4287304973810000 	0
158	-0.0261425000000000 	-0.4287428727410000 	0
159	-0.0258950000000000 	-0.4287552481450000 	0
160	-0.0256475000000000 	-0.4287676235950000 	0
161	-0.0254000000000000 	-0.4287799990920000 	0
162	-0.0251525000000000 	-0.4287923746380000 	0
163	-0.0249050000000000 	-0.4288047502350000 	0
164	-0.0246575000000000 	-0.4288171258810000 	0
165	-0.0244100000000000 	-0.4288295015700000 	0
166	-0.0241625000000000 	-0.4288418772960000 	0
167	-0.0239150000000000 	-0.4288542530540000 	0
168	-0.0236675000000000 	-0.4288666288360000 	0
169	-0.0234200000000000 	-0.4288790046380000 	0
170	-0.0231725000000000 	-0.4288913804530000 	0
171	-0.0229250000000000 	-0.4289037562740000 	0
172	-0.0226775000000000 	-0.4289161320970000 	0
173	-0.0224300000000000 	-0.4289285079140000 	0
174	-0.0221825000000000 	-0.4289408837210000 	0
175	-0.0219350000000000 	-0.4289532595100000 	0
176	-0.0216875000000000 	-0.4289656352760000 	0
177	-0.0214400000000000 	-0.4289780110120000 	0
178	-0.0211925000000000 	-0.4289903867130000 	0
179	-0.0209450000000000 	-0.4290027623730000 	0
180	-0.0206975000000000 	-0.4290151379850000 	0
181	-0.0204500000000000 	-0.4290275135440000 	0
182	-0.0202025000000000 	-0.4290398890430000 	0
183	-0.0199550000000000 	-0.4290522644760000 	0
184	-0.0197075000000000 	-0.4290646398380000 	0
185	-0.0194600000000000 	-0.4290770151220000 	0
186	-0.0192125000000000 	-0.4290893903220000 	0
187	-0.0189650000000000 	-0.4291017654320000 	0
188	-0.0187175000000000 	-0.4291141404470000 	0
189	-0.0184700000000000 	-0.4291265153590000 	0
190	-0.0182225000000000 	-0.4291388901640000 	0
191	-0.0179750000000000 	-0.4291512648550000 	0
192	-0.0177275000000000 	-0.4291636394250000 	0
193	-0.0174800000000000 	-0.4291760138700000 	0
194	-0.0172325000000000 	-0.4291883881820000 	0
195	-0.0169850000000000 	-0.4292007623560000 	0
196	-0.0167375000000000 	-0.4292131363850000 	0
197	-0.0164900000000000 	-0.4292255102650000 	0
198	-0.0162425000000000 	-0.4292378839880000 	0
199	-0.0159950000000000 	-0.4292502575480000 	0
200	-0.0157475000000000 	-0.4292626309400000 	0
201	-0.0155000000000000 	-0.4292750041580000 	0
202	-0.0152525000000000 	-0.4292873771950000 	0
203	-0.0150050000000000 	-0.4292997500450000 	0
204	-0.0147575000000000 	-0.4293121227080000 	0
205	-0.0145100000000000 	-0.4293244951990000 	0
206	-0.0142625000000000 	-0.4293368675420000 	0
207	-0.0140150000000000 	-0.4293492397600000 	0
208	-0.0137675000000000 	-0.4293616118750000 	0
209	-0.0135200000000000 	-0.4293739839100000 	0
210	-0.0132725000000000 	-0.4293863558870000 	0
211	-0.0130250000000000 	-0.4293987278280000 	0
212	-0.0127775000000000 	-0.4294110997570000 	0
213	-0.0125300000000000 	-0.4294234716960000 	0
214	-0.0122825000000000 	-0.4294358436680000 	0
215	-0.0120350000000000 	-0.4294482156950000 	0
216	-0.0117875000000000 	-0.4294605877990000 	0
217	-0.0115400000000000 	-0.4294729600040000 	0
218	-0.0112925000000000 	-0.4294853323310000 	0
219	-0.0110450000000000 	-0.4294977048040000 	0
220	-0.0107975000000000 	-0.4295100774450000 	0
221	-0.0105500000000000 	-0.4295224502770000 	0
222	-0.0103025000000000 	-0.4295348233220000 	0
223	-0.0100550000000000 	-0.4295471966030000 	0
224	-0.0098075000000000 	-0.4295595701420000 	0
225	-0.0095600000000000 	-0.4295719439610000 	0
226	-0.0093125000000000 	-0.4295843180850000 	0
227	-0.0090650000000000 	-0.4295966925350000 	0
228	-0.0088175000000000 	-0.4296090673330000 	0
229	-0.0085700000000000 	-0.4296214425020000 	0
230	-0.0083225000000000 	-0.4296338180660000 	0
231	-0.0080750000000000 	-0.4296461940460000 	0
232	-0.0078275000000000 	-0.4296585704640000 	0
233	-0.0075800000000000 	-0.4296709473450000 	0
234	-0.0073325000000000 	-0.4296833247090000 	0
235	-0.0070850000000000 	-0.4296957025810000 	0
236	-0.0068375000000000 	-0.4297080809810000 	0
237	-0.0065900000000000 	-0.4297204599340000 	0
238	-0.0063425000000000 	-0.4297328394610000 	0
239	-0.0060950000000000 	-0.4297452195850000 	0
240	-0.0058475000000000 	-0.4297576003290000 	0
241	-0.0056000000000000 	-0.4297699817150000 	0
242	-0.0053525000000000 	-0.4297823637660000 	0
243	-0.0051050000000000 	-0.4297947465040000 	0
244	-0.0048575000000000 	-0.4298071299490000 	0
245	-0.0046100000000000 	-0.4298195140630000 	0
246	-0.0043625000000000 	-0.4298318987640000 	0
247	-0.0041150000000000 	-0.4298442839680000 	0
248	-0.0038675000000000 	-0.4298566695900000 	0
249	-0.0036200000000000 	-0.4298690555460000 	0
250	-0.0033725000000000 	-0.4298814417520000 	0
251	-0.0031250000000000 	-0.4298938281230000 	0
252	-0.0028775000000000 	-0.4299062145750000 	0
253	-0.0026300000000000 	-0.4299186010240000 	0
254	-0.0023825000000000 	-0.4299309873850000 	0
255	-0.0021350000000000 	-0.4299433735750000 	0
256	-0.0018875000000000 	-0.4299557595090000 	0
257	-0.0016400000000000 	-0.4299681451020000 	0
258	-0.0013925000000000 	-0.4299805302710000 	0
259	-0.0011450000000000 	-0.4299929149320000 	0
260	-0.0008975000000000 	-0.4300052989990000 	0
261	-0.0006500000000000 	-0.4300176823890000 	0
262	-0.0004025000000000 	-0.4300300650170000 	0
263	-0.0001550000000000 	-0.4300424468000000 	0
264	0.0000925000000000 	-0.4300548276520000 	0
265	0.0003400000000000 	-0.4300672074900000 	0
266	0.0005875000000000 	-0.4300795862290000 	0
267	0.0008350000000000 	-0.4300919637850000 	0
268	0.0010825000000000 	-0.4301043400740000 	0
269	0.0013300000000000 	-0.4301167150110000 	0
270	0.0015775000000000 	-0.4301290885120000 	0
271	0.0018250000000000 	-0.4301414604940000 	0
272	0.0020725000000000 	-0.4301538308710000 	0
273	0.0023200000000000 	-0.4301661995600000 	0
274	0.0025675000000000 	-0.4301785664750000 	0
275	0.0028150000000000 	-0.4301909315340000 	0
276	0.0030625000000000 	-0.4302032946510000 	0
277	0.0033100000000000 	-0.4302156557420000 	0
278	0.0035575000000000 	-0.4302280147230000 	0
279	0.0038050000000000 	-0.4302403715100000 	0
280	0.0040525000000000 	-0.4302527260190000 	0
281	0.0043000000000000 	-0.4302650781640000 	0
282	0.0045475000000000 	-0.4302774278630000 	0
283	0.0047950000000000 	-0.4302897750300000 	0
284	0.0050425000000000 	-0.4303021195820000 	0
285	0.0052900000000000 	-0.4303144615400000 	0
286	0.0055375000000000 	-0.4303268011820000 	0
287	0.0057850000000000 	-0.4303391388210000 	0
288	0.0060325000000000 	-0.4303514747720000 	0
289	0.0062800000000000 	-0.4303638093500000 	0
290	0.0065275000000000 	-0.4303761428690000 	0
291	0.0067750000000000 	-0.4303884756430000 	0
292	0.0070225000000000 	-0.4304008079880000 	0
293	0.0072700000000000 	-0.4304131402170000 	0
294	0.0075175000000000 	-0.4304254726460000 	0
295	0.0077650000000000 	-0.4304378055880000 	0
296	0.0080125000000000 	-0.4304501393590000 	0
297	0.0082600000000000 	-0.4304624742720000 	0
298	0.0085075000000000 	-0.4304748106420000 	0
299	0.0087550000000000 	-0.4304871487850000 	0
300	0.0090025000000000 	-0.4304994890130000 	0
301	0.0092500000000000 	-0.4305118316430000 	0
302	0.0094975000000000 	-0.4305241769870000 	0
303	0.0097450000000000 	-0.4305365253620000 	0
304	0.0099925000000000 	-0.4305488770800000 	0
305	0.0102400000000000 	-0.4305612324580000 	0
306	0.0104875000000000 	-0.4305735918090000 	0
307	0.0107350000000000 	-0.4305859554480000 	0
308	0.0109825000000000 	-0.4305983236890000 	0
309	0.0112300000000000 	-0.4306106968470000 	0
310	0.0114775000000000 	-0.4306230752360000 	0
311	0.0117250000000000 	-0.4306354591720000 	0
312	0.0119725000000000 	-0.4306478489670000 	0
313	0.0122200000000000 	-0.4306602449380000 	0
314	0.0124675000000000 	-0.4306726473980000 	0
315	0.0127150000000000 	-0.4306850566620000 	0
316	0.0129625000000000 	-0.4306974730450000 	0
317	0.0132100000000000 	-0.4307098968600000 	0
318	0.0134575000000000 	-0.4307223284240000 	0
319	0.0137050000000000 	-0.4307347680490000 	0
320	0.0139525000000000 	-0.4307472160500000 	0
321	0.0142000000000000 	-0.4307596727430000 	0
322	0.0144475000000000 	-0.4307721384410000 	0
323	0.0146950000000000 	-0.4307846134600000 	0
324	0.0149425000000000 	-0.4307970981120000 	0
325	0.0151900000000000 	-0.4308095926020000 	0
326	0.0154375000000000 	-0.4308220962100000 	0
327	0.0156850000000000 	-0.4308346077650000 	0
328	0.0159325000000000 	-0.4308471260930000 	0
329	0.0161800000000000 	-0.4308596500220000 	0
330	0.0164275000000000 	-0.4308721783760000 	0
331	0.0166750000000000 	-0.4308847099820000 	0
332	0.0169225000000000 	-0.4308972436670000 	0
333	0.0171700000000000 	-0.4309097782570000 	0
334	0.0174175000000000 	-0.4309223125770000 	0
335	0.0176650000000000 	-0.4309348454550000 	0
336	0.0179125000000000 	-0.4309473757150000 	0
337	0.0181600000000000 	-0.4309599021850000 	0
338	0.0184075000000000 	-0.4309724236910000 	0
339	0.0186550000000000 	-0.4309849390590000 	0
340	0.0189025000000000 	-0.4309974471160000 	0
341	0.0191500000000000 	-0.4310099466860000 	0
342	0.0193975000000000 	-0.4310224365970000 	0
343	0.0196450000000000 	-0.4310349156750000 	0
344	0.0198925000000000 	-0.4310473827460000 	0
345	0.0201400000000000 	-0.4310598366370000 	0
346	0.0203875000000000 	-0.4310722761730000 	0
347	0.0206350000000000 	-0.4310847001800000 	0
348	0.0208825000000000 	-0.4310971074860000 	0
349	0.0211300000000000 	-0.4311094969160000 	0
350	0.0213775000000000 	-0.4311218672960000 	0
351	0.0216250000000000 	-0.4311342174530000 	0
352	0.0218725000000000 	-0.4311465462120000 	0
353	0.0221200000000000 	-0.4311588524010000 	0
354	0.0223675000000000 	-0.4311711348450000 	0
355	0.0226150000000000 	-0.4311833923710000 	0
356	0.0228625000000000 	-0.4311956238040000 	0
357	0.0231100000000000 	-0.4312078279710000 	0
358	0.0233575000000000 	-0.4312200036990000 	0
359	0.0236050000000000 	-0.4312321498130000 	0
360	0.0238525000000000 	-0.4312442651390000 	0
361	0.0241000000000000 	-0.4312563485040000 	0
362	0.0243475000000000 	-0.4312683987350000 	0
363	0.0245950000000000 	-0.4312804146560000 	0
364	0.0248425000000000 	-0.4312923950960000 	0
365	0.0250900000000000 	-0.4313043388780000 	0
366	0.0253375000000000 	-0.4313162448310000 	0
367	0.0255850000000000 	-0.4313281117800000 	0
368	0.0258325000000000 	-0.4313399385520000 	0
369	0.0260800000000000 	-0.4313517239720000 	0
370	0.0263275000000000 	-0.4313634668670000 	0
371	0.0265750000000000 	-0.4313751660630000 	0
372	0.0268225000000000 	-0.4313868203860000 	0
373	0.0270700000000000 	-0.4313984286630000 	0
374	0.0273175000000000 	-0.4314099897200000 	0
375	0.0275650000000000 	-0.4314215023820000 	0
376	0.0278125000000000 	-0.4314329654770000 	0
377	0.0280600000000000 	-0.4314443778300000 	0
378	0.0283075000000000 	-0.4314557382670000 	0
379	0.0285550000000000 	-0.4314670456160000 	0
380	0.0288025000000000 	-0.4314782987020000 	0
381	0.0290500000000000 	-0.4314894963500000 	0
382	0.0292975000000000 	-0.4315006373890000 	0
383	0.0295450000000000 	-0.4315117206430000 	0
384	0.0297925000000000 	-0.4315227449390000 	0
385	0.0300400000000000 	-0.4315337091030000 	0
386	0.0302875000000000 	-0.4315446119620000 	0
387	0.0305350000000000 	-0.4315554523410000 	0
388	0.0307825000000000 	-0.4315662290670000 	0
389	0.0310300000000000 	-0.4315769409660000 	0
390	0.0312775000000000 	-0.4315875868650000 	0
391	0.0315250000000000 	-0.4315981655890000 	0
392	0.0317725000000000 	-0.4316086759640000 	0
393	0.0320200000000000 	-0.4316191168180000 	0
394	0.0322675000000000 	-0.4316294869760000 	0
395	0.0325150000000000 	-0.4316397852640000 	0
396	0.0327625000000000 	-0.4316500105090000 	0
397	0.0330100000000000 	-0.4316601615370000 	0
398	0.0332575000000000 	-0.4316702371730000 	0
399	0.0335050000000000 	-0.4316802362450000 	0
400	0.0337525000000000 	-0.4316901575790000 	0
401	0.0340000000000000 	-0.4317000000000000 	0
402	0.0347583300000000 	-0.4317309979130000 	0
403	0.0348166700000000 	-0.4318863318580000 	0
404	0.0348750000000000 	-0.4320425163220000 	0
405	0.0349333300000000 	-0.4321995272490000 	0
406	0.0349916700000000 	-0.4323573405800000 	0
407	0.0350500000000000 	-0.4325159322580000 	0
408	0.0351083300000000 	-0.4326752782270000 	0
409	0.0351666700000000 	-0.4328353544280000 	0
410	0.0352250000000000 	-0.4329961368040000 	0
411	0.0352833300000000 	-0.4331576012980000 	0
412	0.0353416700000000 	-0.4333197238530000 	0
413	0.0354000000000000 	-0.4334824804110000 	0
414	0.0354583300000000 	-0.4336458469150000 	0
415	0.0355166700000000 	-0.4338097993070000 	0
416	0.0355750000000000 	-0.4339743135310000 	0
417	0.0356333300000000 	-0.4341393655280000 	0
418	0.0356916700000000 	-0.4343049312410000 	0
419	0.0357500000000000 	-0.4344709866130000 	0
420	0.0358083300000000 	-0.4346375075880000 	0
421	0.0358666700000000 	-0.4348044701060000 	0
422	0.0359250000000000 	-0.4349718501110000 	0
423	0.0359833300000000 	-0.4351396235460000 	0
424	0.0360416700000000 	-0.4353077663530000 	0
425	0.0361000000000000 	-0.4354762544750000 	0
426	0.0361583300000000 	-0.4356450638540000 	0
427	0.0362166700000000 	-0.4358141704330000 	0
428	0.0362750000000000 	-0.4359835501550000 	0
429	0.0363333300000000 	-0.4361531789620000 	0
430	0.0363916700000000 	-0.4363230327980000 	0
431	0.0364500000000000 	-0.4364930876040000 	0
432	0.0365083300000000 	-0.4366633193230000 	0
433	0.0365666700000000 	-0.4368337038980000 	0
434	0.0366250000000000 	-0.4370042172720000 	0
435	0.0366833300000000 	-0.4371748353870000 	0
436	0.0367416700000000 	-0.4373455341860000 	0
437	0.0368000000000000 	-0.4375162896110000 	0
438	0.0368583300000000 	-0.4376870776050000 	0
439	0.0369166700000000 	-0.4378578741110000 	0
440	0.0369750000000000 	-0.4380286550710000 	0
441	0.0370333300000000 	-0.4381993964290000 	0
442	0.0370916700000000 	-0.4383700741260000 	0
443	0.0371500000000000 	-0.4385406641050000 	0
444	0.0372083300000000 	-0.4387111423090000 	0
445	0.0372666700000000 	-0.4388814846810000 	0
446	0.0373250000000000 	-0.4390516671630000 	0
447	0.0373833300000000 	-0.4392216656970000 	0
448	0.0374416700000000 	-0.4393914562270000 	0
449	0.0375000000000000 	-0.4395610146960000 	0
450	0.0375583300000000 	-0.4397303170450000 	0
451	0.0376166700000000 	-0.4398993392170000 	0
452	0.0376750000000000 	-0.4400680571550000 	0
453	0.0377333300000000 	-0.4402364468020000 	0
454	0.0377916700000000 	-0.4404044841000000 	0
455	0.0378500000000000 	-0.4405721449920000 	0
456	0.0379083300000000 	-0.4407394054210000 	0
457	0.0379666700000000 	-0.4409062413290000 	0
458	0.0380250000000000 	-0.4410726286590000 	0
459	0.0380833300000000 	-0.4412385433530000 	0
460	0.0381416700000000 	-0.4414039613540000 	0
461	0.0382000000000000 	-0.4415688586050000 	0
462	0.0382583300000000 	-0.4417332110480000 	0
463	0.0383166700000000 	-0.4418969946260000 	0
464	0.0383750000000000 	-0.4420601852820000 	0
465	0.0384333300000000 	-0.4422227589580000 	0
466	0.0384916700000000 	-0.4423846915980000 	0
467	0.0385500000000000 	-0.4425459591420000 	0
468	0.0386083300000000 	-0.4427065375350000 	0
469	0.0386666700000000 	-0.4428664027190000 	0
470	0.0387250000000000 	-0.4430255306360000 	0
471	0.0387833300000000 	-0.4431838972290000 	0
472	0.0388416700000000 	-0.4433414784410000 	0
473	0.0389000000000000 	-0.4434982502140000 	0
474	0.0389583300000000 	-0.4436541884910000 	0
475	0.0390166700000000 	-0.4438092692150000 	0
476	0.0390750000000000 	-0.4439634683280000 	0
477	0.0391333300000000 	-0.4441167617740000 	0
478	0.0391916700000000 	-0.4442691254930000 	0
479	0.0392500000000000 	-0.4444205354300000 	0
480	0.0393083300000000 	-0.4445709675270000 	0
481	0.0393666700000000 	-0.4447203977260000 	0
482	0.0394250000000000 	-0.4448688019700000 	0
483	0.0394833300000000 	-0.4450161562020000 	0
484	0.0395416700000000 	-0.4451624363640000 	0
485	0.0396000000000000 	-0.4453076183990000 	0
486	0.0396583300000000 	-0.4454516782500000 	0
487	0.0397166700000000 	-0.4455945918590000 	0
488	0.0397750000000000 	-0.4457363351690000 	0
489	0.0398333300000000 	-0.4458768841230000 	0
490	0.0398916700000000 	-0.4460162146630000 	0
491	0.0399500000000000 	-0.4461543027310000 	0
492	0.0400083300000000 	-0.4462911242710000 	0
493	0.0400666700000000 	-0.4464266552260000 	0
494	0.0401250000000000 	-0.4465608715370000 	0
495	0.0401833300000000 	-0.4466937491470000 	0
496	0.0402416700000000 	-0.4468252639990000 	0
497	0.0403000000000000 	-0.4469553920360000 	0
498	0.0403583300000000 	-0.4470841092000000 	0
499	0.0404166700000000 	-0.4472113914340000 	0
500	0.0404750000000000 	-0.4473372146810000 	0
501	0.0405333300000000 	-0.4474615548830000 	0
502	0.0405916700000000 	-0.4475843879820000 	0
503	0.0406500000000000 	-0.4477056899220000 	0
504	0.0407083300000000 	-0.4478254366450000 	0
505	0.0407666700000000 	-0.4479436040940000 	0
506	0.0408250000000000 	-0.4480601682120000 	0
507	0.0408833300000000 	-0.4481751049400000 	0
508	0.0409416700000000 	-0.4482883902220000 	0
509	0.0410000000000000 	-0.4484000000000000 	0
510	0.0410583300000000 	-0.4485099192210000 	0
511	0.0411166700000000 	-0.4486181688500000 	0
512	0.0411750000000000 	-0.4487247788540000 	0
513	0.0412333300000000 	-0.4488297792010000 	0
514	0.0412916700000000 	-0.4489331998600000 	0
515	0.0413500000000000 	-0.4490350708000000 	0
516	0.0414083300000000 	-0.4491354219870000 	0
517	0.0414666700000000 	-0.4492342833910000 	0
518	0.0415250000000000 	-0.4493316849800000 	0
519	0.0415833300000000 	-0.4494276567220000 	0
520	0.0416416700000000 	-0.4495222285840000 	0
521	0.0417000000000000 	-0.4496154305370000 	0
522	0.0417583300000000 	-0.4497072925470000 	0
523	0.0418166700000000 	-0.4497978445820000 	0
524	0.0418750000000000 	-0.4498871166120000 	0
525	0.0419333300000000 	-0.4499751386040000 	0
526	0.0419916700000000 	-0.4500619405270000 	0
527	0.0420500000000000 	-0.4501475523480000 	0
528	0.0421083300000000 	-0.4502320040360000 	0
529	0.0421666700000000 	-0.4503153255600000 	0
530	0.0422250000000000 	-0.4503975468870000 	0
531	0.0422833300000000 	-0.4504786979850000 	0
532	0.0423416700000000 	-0.4505588088230000 	0
533	0.0424000000000000 	-0.4506379093700000 	0
534	0.0424583300000000 	-0.4507160295930000 	0
535	0.0425166700000000 	-0.4507931994600000 	0
536	0.0425750000000000 	-0.4508694489400000 	0
537	0.0426333300000000 	-0.4509448080010000 	0
538	0.0426916700000000 	-0.4510193066120000 	0
539	0.0427500000000000 	-0.4510929747390000 	0
540	0.0428083300000000 	-0.4511658423530000 	0
541	0.0428666700000000 	-0.4512379394200000 	0
542	0.0429250000000000 	-0.4513092959090000 	0
543	0.0429833300000000 	-0.4513799417890000 	0
544	0.0430416700000000 	-0.4514499060330000 	0
545	0.0431000000000000 	-0.4515192078470000 	0
546	0.0431583300000000 	-0.4515878608920000 	0
547	0.0432166700000000 	-0.4516558787670000 	0
548	0.0432750000000000 	-0.4517232750670000 	0
549	0.0433333300000000 	-0.4517900633920000 	0
550	0.0433916700000000 	-0.4518562573390000 	0
551	0.0434500000000000 	-0.4519218705060000 	0
552	0.0435083300000000 	-0.4519869164900000 	0
553	0.0435666700000000 	-0.4520514088900000 	0
554	0.0436250000000000 	-0.4521153613020000 	0
555	0.0436833300000000 	-0.4521787873240000 	0
556	0.0437416700000000 	-0.4522417005550000 	0
557	0.0438000000000000 	-0.4523041145910000 	0
558	0.0438583300000000 	-0.4523660430310000 	0
559	0.0439166700000000 	-0.4524274994720000 	0
560	0.0439750000000000 	-0.4524884975120000 	0
561	0.0440333300000000 	-0.4525490507480000 	0
562	0.0440916700000000 	-0.4526091727790000 	0
563	0.0441500000000000 	-0.4526688772020000 	0
564	0.0442083300000000 	-0.4527281776150000 	0
565	0.0442666700000000 	-0.4527870876140000 	0
566	0.0443250000000000 	-0.4528456207990000 	0
567	0.0443833300000000 	-0.4529037907670000 	0
568	0.0444416700000000 	-0.4529616111150000 	0
569	0.0445000000000000 	-0.4530190954410000 	0
570	0.0445583300000000 	-0.4530762573430000 	0
571	0.0446166700000000 	-0.4531331104180000 	0
572	0.0446750000000000 	-0.4531896682640000 	0
573	0.0447333300000000 	-0.4532459444800000 	0
574	0.0447916700000000 	-0.4533019526620000 	0
575	0.0448500000000000 	-0.4533577064080000 	0
576	0.0449083300000000 	-0.4534132193160000 	0
577	0.0449666700000000 	-0.4534685049830000 	0
578	0.0450250000000000 	-0.4535235767000000 	0
579	0.0450833300000000 	-0.4535784375590000 	0
580	0.0451416700000000 	-0.4536330783700000 	0
581	0.0452000000000000 	-0.4536874892090000 	0
582	0.0452583300000000 	-0.4537416601530000 	0
583	0.0453166700000000 	-0.4537955812790000 	0
584	0.0453750000000000 	-0.4538492426630000 	0
585	0.0454333300000000 	-0.4539026343820000 	0
586	0.0454916700000000 	-0.4539557465140000 	0
587	0.0455500000000000 	-0.4540085691340000 	0
588	0.0456083300000000 	-0.4540610923200000 	0
589	0.0456666700000000 	-0.4541133061490000 	0
590	0.0457250000000000 	-0.4541652006970000 	0
591	0.0457833300000000 	-0.4542167660400000 	0
592	0.0458416700000000 	-0.4542679922570000 	0
593	0.0459000000000000 	-0.4543188694230000 	0
594	0.0459583300000000 	-0.4543693876150000 	0
595	0.0460166700000000 	-0.4544195369100000 	0
596	0.0460750000000000 	-0.4544693073860000 	0
597	0.0461333300000000 	-0.4545186891180000 	0
598	0.0461916700000000 	-0.4545676721830000 	0
599	0.0462500000000000 	-0.4546162466590000 	0
600	0.0463083300000000 	-0.4546644026210000 	0
601	0.0463666700000000 	-0.4547121301480000 	0
602	0.0464250000000000 	-0.4547594193150000 	0
603	0.0464833300000000 	-0.4548062601990000 	0
604	0.0465416700000000 	-0.4548526428780000 	0
605	0.0466000000000000 	-0.4548985574270000 	0
606	0.0466583300000000 	-0.4549439939250000 	0
607	0.0467166700000000 	-0.4549889424460000 	0
608	0.0467750000000000 	-0.4550333930690000 	0
609	0.0468333300000000 	-0.4550773358700000 	0
610	0.0468916700000000 	-0.4551207609260000 	0
611	0.0469500000000000 	-0.4551636583140000 	0
612	0.0470083300000000 	-0.4552060181190000 	0
613	0.0470666700000000 	-0.4552478351420000 	0
614	0.0471250000000000 	-0.4552891165550000 	0
615	0.0471833300000000 	-0.4553298715330000 	0
616	0.0472416700000000 	-0.4553701092510000 	0
617	0.0473000000000000 	-0.4554098388860000 	0
618	0.0473583300000000 	-0.4554490696140000 	0
619	0.0474166700000000 	-0.4554878106100000 	0
620	0.0474750000000000 	-0.4555260710490000 	0
621	0.0475333300000000 	-0.4555638601080000 	0
622	0.0475916700000000 	-0.4556011869620000 	0
623	0.0476500000000000 	-0.4556380607880000 	0
624	0.0477083300000000 	-0.4556744907600000 	0
625	0.0477666700000000 	-0.4557104860540000 	0
626	0.0478250000000000 	-0.4557460558470000 	0
627	0.0478833300000000 	-0.4557812093140000 	0
628	0.0479416700000000 	-0.4558159556310000 	0
629	0.0480000000000000 	-0.4558503039730000 	0
630	0.0480583300000000 	-0.4558842635170000 	0
631	0.0481166700000000 	-0.4559178434370000 	0
632	0.0481750000000000 	-0.4559510529100000 	0
633	0.0482333300000000 	-0.4559839011120000 	0
634	0.0482916700000000 	-0.4560163972180000 	0
635	0.0483500000000000 	-0.4560485504040000 	0
636	0.0484083300000000 	-0.4560803698450000 	0
637	0.0484666700000000 	-0.4561118647190000 	0
638	0.0485250000000000 	-0.4561430441990000 	0
639	0.0485833300000000 	-0.4561739174620000 	0
640	0.0486416700000000 	-0.4562044936840000 	0
641	0.0487000000000000 	-0.4562347820400000 	0
642	0.0487583300000000 	-0.4562647917070000 	0
643	0.0488166700000000 	-0.4562945318590000 	0
644	0.0488750000000000 	-0.4563240116730000 	0
645	0.0489333300000000 	-0.4563532403250000 	0
646	0.0489916700000000 	-0.4563822269900000 	0
647	0.0490500000000000 	-0.4564109808430000 	0
648	0.0491083300000000 	-0.4564395110620000 	0
649	0.0491666700000000 	-0.4564678268200000 	0
650	0.0492250000000000 	-0.4564959372950000 	0
651	0.0492833300000000 	-0.4565238516620000 	0
652	0.0493416700000000 	-0.4565515790960000 	0
653	0.0494000000000000 	-0.4565791287740000 	0
654	0.0494583300000000 	-0.4566065098700000 	0
655	0.0495166700000000 	-0.4566337315620000 	0
656	0.0495750000000000 	-0.4566608030240000 	0
657	0.0496333300000000 	-0.4566877334330000 	0
658	0.0496916700000000 	-0.4567145315390000 	0
659	0.0497500000000000 	-0.4567411980510000 	0
660	0.0498083300000000 	-0.4567677264870000 	0
661	0.0498666700000000 	-0.4567941101080000 	0
662	0.0499250000000000 	-0.4568203421790000 	0
663	0.0499833300000000 	-0.4568464159620000 	0
664	0.0500416700000000 	-0.4568723247210000 	0
665	0.0501000000000000 	-0.4568980617190000 	0
666	0.0501583300000000 	-0.4569236202200000 	0
667	0.0502166700000000 	-0.4569489934850000 	0
668	0.0502750000000000 	-0.4569741747800000 	0
669	0.0503333300000000 	-0.4569991573660000 	0
670	0.0503916700000000 	-0.4570239345070000 	0
671	0.0504500000000000 	-0.4570484994670000 	0
672	0.0505083300000000 	-0.4570728455080000 	0
673	0.0505666700000000 	-0.4570969658940000 	0
674	0.0506250000000000 	-0.4571208538880000 	0
675	0.0506833300000000 	-0.4571445027540000 	0
676	0.0507416700000000 	-0.4571679057530000 	0
677	0.0508000000000000 	-0.4571910561510000 	0
678	0.0508583300000000 	-0.4572139472100000 	0
679	0.0509166700000000 	-0.4572365721920000 	0
680	0.0509750000000000 	-0.4572589243620000 	0
681	0.0510333300000000 	-0.4572809969830000 	0
682	0.0510916700000000 	-0.4573027833180000 	0
683	0.0511500000000000 	-0.4573242766290000 	0
684	0.0512083300000000 	-0.4573454701810000 	0
685	0.0512666700000000 	-0.4573663572370000 	0
686	0.0513250000000000 	-0.4573869310590000 	0
687	0.0513833300000000 	-0.4574071849120000 	0
688	0.0514416700000000 	-0.4574271120570000 	0
689	0.0515000000000000 	-0.4574467057590000 	0
690	0.0515583300000000 	-0.4574659592810000 	0
691	0.0516166700000000 	-0.4574848658860000 	0
692	0.0516750000000000 	-0.4575034188370000 	0
693	0.0517333300000000 	-0.4575216113970000 	0
694	0.0517916700000000 	-0.4575394368300000 	0
695	0.0518500000000000 	-0.4575568883990000 	0
696	0.0519083300000000 	-0.4575739593660000 	0
697	0.0519666700000000 	-0.4575906429960000 	0
698	0.0520250000000000 	-0.4576069327020000 	0
699	0.0520833300000000 	-0.4576228268690000 	0
700	0.0521416700000000 	-0.4576383298700000 	0
701	0.0522000000000000 	-0.4576534464370000 	0
702	0.0522583300000000 	-0.4576681813020000 	0
703	0.0523166700000000 	-0.4576825391950000 	0
704	0.0523750000000000 	-0.4576965248480000 	0
705	0.0524333300000000 	-0.4577101429920000 	0
706	0.0524916700000000 	-0.4577233983590000 	0
707	0.0525500000000000 	-0.4577362956790000 	0
708	0.0526083300000000 	-0.4577488396840000 	0
709	0.0526666700000000 	-0.4577610351050000 	0
710	0.0527250000000000 	-0.4577728866740000 	0
711	0.0527833300000000 	-0.4577843991210000 	0
712	0.0528416700000000 	-0.4577955771780000 	0
713	0.0529000000000000 	-0.4578064255760000 	0
714	0.0529583300000000 	-0.4578169490460000 	0
715	0.0530166700000000 	-0.4578271523200000 	0
716	0.0530750000000000 	-0.4578370401280000 	0
717	0.0531333300000000 	-0.4578466172030000 	0
718	0.0531916700000000 	-0.4578558882750000 	0
719	0.0532500000000000 	-0.4578648580760000 	0
720	0.0533083300000000 	-0.4578735313370000 	0
721	0.0533666700000000 	-0.4578819127880000 	0
722	0.0534250000000000 	-0.4578900071620000 	0
723	0.0534833300000000 	-0.4578978191900000 	0
724	0.0535416700000000 	-0.4579053532300000 	0
725	0.0536000000000000 	-0.4579126099960000 	0
726	0.0536583300000000 	-0.4579195881270000 	0
727	0.0537166700000000 	-0.4579262862390000 	0
728	0.0537750000000000 	-0.4579327029490000 	0
729	0.0538333300000000 	-0.4579388368740000 	0
730	0.0538916700000000 	-0.4579446866310000 	0
731	0.0539500000000000 	-0.4579502508350000 	0
732	0.0540083300000000 	-0.4579555281040000 	0
733	0.0540666700000000 	-0.4579605170530000 	0
734	0.0541250000000000 	-0.4579652163010000 	0
735	0.0541833300000000 	-0.4579696244630000 	0
736	0.0542416700000000 	-0.4579737401550000 	0
737	0.0543000000000000 	-0.4579775619950000 	0
738	0.0543583300000000 	-0.4579810885980000 	0
739	0.0544166700000000 	-0.4579843185830000 	0
740	0.0544750000000000 	-0.4579872505640000 	0
741	0.0545333300000000 	-0.4579898831590000 	0
742	0.0545916700000000 	-0.4579922149840000 	0
743	0.0546500000000000 	-0.4579942446560000 	0
744	0.0547083300000000 	-0.4579959707920000 	0
745	0.0547666700000000 	-0.4579973920070000 	0
746	0.0548250000000000 	-0.4579985069190000 	0
747	0.0548833300000000 	-0.4579993141440000 	0
748	0.0549416700000000 	-0.4579998122990000 	0
749	0.0550000000000000 	-0.4580000000000000 	0
750	0.0550583300000000 	-0.4579998762280000 	0
751	0.0551166700000000 	-0.4579994414220000 	0
752	0.0551750000000000 	-0.4579986963830000 	0
753	0.0552333300000000 	-0.4579976419140000 	0
754	0.0552916700000000 	-0.4579962788190000 	0
755	0.0553500000000000 	-0.4579946078980000 	0
756	0.0554083300000000 	-0.4579926299550000 	0
757	0.0554666700000000 	-0.4579903457910000 	0
758	0.0555250000000000 	-0.4579877562100000 	0
759	0.0555833300000000 	-0.4579848620140000 	0
760	0.0556416700000000 	-0.4579816640060000 	0
761	0.0557000000000000 	-0.4579781629870000 	0
762	0.0557583300000000 	-0.4579743597600000 	0
763	0.0558166700000000 	-0.4579702551280000 	0
764	0.0558750000000000 	-0.4579658498930000 	0
765	0.0559333300000000 	-0.4579611448570000 	0
766	0.0559916700000000 	-0.4579561408240000 	0
767	0.0560500000000000 	-0.4579508385950000 	0
768	0.0561083300000000 	-0.4579452389720000 	0
769	0.0561666700000000 	-0.4579393427600000 	0
770	0.0562250000000000 	-0.4579331507580000 	0
771	0.0562833300000000 	-0.4579266637720000 	0
772	0.0563416700000000 	-0.4579198826010000 	0
773	0.0564000000000000 	-0.4579128080500000 	0
774	0.0564583300000000 	-0.4579054409210000 	0
775	0.0565166700000000 	-0.4578977820050000 	0
776	0.0565750000000000 	-0.4578898312050000 	0
777	0.0566333300000000 	-0.4578815868530000 	0
778	0.0566916700000000 	-0.4578730471250000 	0
779	0.0567500000000000 	-0.4578642101930000 	0
780	0.0568083300000000 	-0.4578550742300000 	0
781	0.0568666700000000 	-0.4578456374120000 	0
782	0.0569250000000000 	-0.4578358979100000 	0
783	0.0569833300000000 	-0.4578258538990000 	0
784	0.0570416700000000 	-0.4578155035530000 	0
785	0.0571000000000000 	-0.4578048450450000 	0
786	0.0571583300000000 	-0.4577938765490000 	0
787	0.0572166700000000 	-0.4577825962380000 	0
788	0.0572750000000000 	-0.4577710022860000 	0
789	0.0573333300000000 	-0.4577590928670000 	0
790	0.0573916700000000 	-0.4577468661540000 	0
791	0.0574500000000000 	-0.4577343203210000 	0
792	0.0575083300000000 	-0.4577214535420000 	0
793	0.0575666700000000 	-0.4577082639890000 	0
794	0.0576250000000000 	-0.4576947498380000 	0
795	0.0576833300000000 	-0.4576809092620000 	0
796	0.0577416700000000 	-0.4576667404330000 	0
797	0.0578000000000000 	-0.4576522415270000 	0
798	0.0578583300000000 	-0.4576374107150000 	0
799	0.0579166700000000 	-0.4576222461730000 	0
800	0.0579750000000000 	-0.4576067460740000 	0
801	0.0580333300000000 	-0.4575909088500000 	0
802	0.0580916700000000 	-0.4575747372850000 	0
803	0.0581500000000000 	-0.4575582377730000 	0
804	0.0582083300000000 	-0.4575414168160000 	0
805	0.0582666700000000 	-0.4575242809180000 	0
806	0.0583250000000000 	-0.4575068365810000 	0
807	0.0583833300000000 	-0.4574890903090000 	0
808	0.0584416700000000 	-0.4574710486050000 	0
809	0.0585000000000000 	-0.4574527179710000 	0
810	0.0585583300000000 	-0.4574341049110000 	0
811	0.0586166700000000 	-0.4574152159270000 	0
812	0.0586750000000000 	-0.4573960575230000 	0
813	0.0587333300000000 	-0.4573766362020000 	0
814	0.0587916700000000 	-0.4573569584660000 	0
815	0.0588500000000000 	-0.4573370308180000 	0
816	0.0589083300000000 	-0.4573168597620000 	0
817	0.0589666700000000 	-0.4572964518010000 	0
818	0.0590250000000000 	-0.4572758134370000 	0
819	0.0590833300000000 	-0.4572549511730000 	0
820	0.0591416700000000 	-0.4572338715130000 	0
821	0.0592000000000000 	-0.4572125809600000 	0
822	0.0592583300000000 	-0.4571910860160000 	0
823	0.0593166700000000 	-0.4571693931840000 	0
824	0.0593750000000000 	-0.4571475089680000 	0
825	0.0594333300000000 	-0.4571254398700000 	0
826	0.0594916700000000 	-0.4571031923930000 	0
827	0.0595500000000000 	-0.4570807698200000 	0
828	0.0596083300000000 	-0.4570581555550000 	0
829	0.0596666700000000 	-0.4570353254270000 	0
830	0.0597250000000000 	-0.4570122552510000 	0
831	0.0597833300000000 	-0.4569889208410000 	0
832	0.0598416700000000 	-0.4569652980120000 	0
833	0.0599000000000000 	-0.4569413625770000 	0
834	0.0599583300000000 	-0.4569170903520000 	0
835	0.0600166700000000 	-0.4568924571500000 	0
836	0.0600750000000000 	-0.4568674387870000 	0
837	0.0601333300000000 	-0.4568420110760000 	0
838	0.0601916700000000 	-0.4568161498310000 	0
839	0.0602500000000000 	-0.4567898308680000 	0
840	0.0603083300000000 	-0.4567630300010000 	0
841	0.0603666700000000 	-0.4567357230440000 	0
842	0.0604250000000000 	-0.4567078858110000 	0
843	0.0604833300000000 	-0.4566794941170000 	0
844	0.0605416700000000 	-0.4566505237760000 	0
845	0.0606000000000000 	-0.4566209506030000 	0
846	0.0606583300000000 	-0.4565907504120000 	0
847	0.0607166700000000 	-0.4565598990180000 	0
848	0.0607750000000000 	-0.4565283722340000 	0
849	0.0608333300000000 	-0.4564961458760000 	0
850	0.0608916700000000 	-0.4564631957570000 	0
851	0.0609500000000000 	-0.4564294976920000 	0
852	0.0610083300000000 	-0.4563950275200000 	0
853	0.0610666700000000 	-0.4563597729430000 	0
854	0.0611250000000000 	-0.4563237528080000 	0
855	0.0611833300000000 	-0.4562869910040000 	0
856	0.0612416700000000 	-0.4562495114200000 	0
857	0.0613000000000000 	-0.4562113379480000 	0
858	0.0613583300000000 	-0.4561724944770000 	0
859	0.0614166700000000 	-0.4561330048960000 	0
860	0.0614750000000000 	-0.4560928930980000 	0
861	0.0615333300000000 	-0.4560521829700000 	0
862	0.0615916700000000 	-0.4560108984040000 	0
863	0.0616500000000000 	-0.4559690632890000 	0
864	0.0617083300000000 	-0.4559267015150000 	0
865	0.0617666700000000 	-0.4558838369730000 	0
866	0.0618250000000000 	-0.4558404935530000 	0
867	0.0618833300000000 	-0.4557966951450000 	0
868	0.0619416700000000 	-0.4557524656380000 	0
869	0.0620000000000000 	-0.4557078289220000 	0
870	0.0620583300000000 	-0.4556628088890000 	0
871	0.0621166700000000 	-0.4556174294270000 	0
872	0.0621750000000000 	-0.4555717144280000 	0
873	0.0622333300000000 	-0.4555256877800000 	0
874	0.0622916700000000 	-0.4554793733750000 	0
875	0.0623500000000000 	-0.4554327951010000 	0
876	0.0624083300000000 	-0.4553859768500000 	0
877	0.0624666700000000 	-0.4553389425110000 	0
878	0.0625250000000000 	-0.4552917159750000 	0
879	0.0625833300000000 	-0.4552443211300000 	0
880	0.0626416700000000 	-0.4551967818680000 	0
881	0.0627000000000000 	-0.4551491220790000 	0
882	0.0627583300000000 	-0.4551013656520000 	0
883	0.0628166700000000 	-0.4550535263710000 	0
884	0.0628750000000000 	-0.4550055739740000 	0
885	0.0629333300000000 	-0.4549574662040000 	0
886	0.0629916700000000 	-0.4549091608000000 	0
887	0.0630500000000000 	-0.4548606155070000 	0
888	0.0631083300000000 	-0.4548117880640000 	0
889	0.0631666700000000 	-0.4547626362140000 	0
890	0.0632250000000000 	-0.4547131176990000 	0
891	0.0632833300000000 	-0.4546631902600000 	0
892	0.0633416700000000 	-0.4546128116390000 	0
893	0.0634000000000000 	-0.4545619395780000 	0
894	0.0634583300000000 	-0.4545105318180000 	0
895	0.0635166700000000 	-0.4544585461010000 	0
896	0.0635750000000000 	-0.4544059401700000 	0
897	0.0636333300000000 	-0.4543526717640000 	0
898	0.0636916700000000 	-0.4542986986270000 	0
899	0.0637500000000000 	-0.4542439785000000 	0
900	0.0638083300000000 	-0.4541884691250000 	0
901	0.0638666700000000 	-0.4541321282430000 	0
902	0.0639250000000000 	-0.4540749135960000 	0
903	0.0639833300000000 	-0.4540167829260000 	0
904	0.0640416700000000 	-0.4539577002970000 	0
905	0.0641000000000000 	-0.4538976918900000 	0
906	0.0641583300000000 	-0.4538368191410000 	0
907	0.0642166700000000 	-0.4537751438910000 	0
908	0.0642750000000000 	-0.4537127279820000 	0
909	0.0643333300000000 	-0.4536496332530000 	0
910	0.0643916700000000 	-0.4535859215470000 	0
911	0.0644500000000000 	-0.4535216547050000 	0
912	0.0645083300000000 	-0.4534568945670000 	0
913	0.0645666700000000 	-0.4533917029750000 	0
914	0.0646250000000000 	-0.4533261417700000 	0
915	0.0646833300000000 	-0.4532602727920000 	0
916	0.0647416700000000 	-0.4531941578830000 	0
917	0.0648000000000000 	-0.4531278588850000 	0
918	0.0648583300000000 	-0.4530614376370000 	0
919	0.0649166700000000 	-0.4529949559820000 	0
920	0.0649750000000000 	-0.4529284757600000 	0
921	0.0650333300000000 	-0.4528620541310000 	0
922	0.0650916700000000 	-0.4527956696320000 	0
923	0.0651500000000000 	-0.4527292355600000 	0
924	0.0652083300000000 	-0.4526626632340000 	0
925	0.0652666700000000 	-0.4525958639790000 	0
926	0.0653250000000000 	-0.4525287491140000 	0
927	0.0653833300000000 	-0.4524612299620000 	0
928	0.0654416700000000 	-0.4523932178440000 	0
929	0.0655000000000000 	-0.4523246240830000 	0
930	0.0655583300000000 	-0.4522553599990000 	0
931	0.0656166700000000 	-0.4521853369150000 	0
932	0.0656750000000000 	-0.4521144661510000 	0
933	0.0657333300000000 	-0.4520426590310000 	0
934	0.0657916700000000 	-0.4519698268750000 	0
935	0.0658500000000000 	-0.4518958810050000 	0
936	0.0659083300000000 	-0.4518207327430000 	0
937	0.0659666700000000 	-0.4517442934100000 	0
938	0.0660250000000000 	-0.4516664762090000 	0
939	0.0660833300000000 	-0.4515872564780000 	0
940	0.0661416700000000 	-0.4515066844350000 	0
941	0.0662000000000000 	-0.4514248147590000 	0
942	0.0662583300000000 	-0.4513417021270000 	0
943	0.0663166700000000 	-0.4512574012180000 	0
944	0.0663750000000000 	-0.4511719667090000 	0
945	0.0664333300000000 	-0.4510854532770000 	0
946	0.0664916700000000 	-0.4509979156010000 	0
947	0.0665500000000000 	-0.4509094083590000 	0
948	0.0666083300000000 	-0.4508199862270000 	0
949	0.0666666700000000 	-0.4507297038850000 	0
950	0.0667250000000000 	-0.4506386160090000 	0
951	0.0667833300000000 	-0.4505467772780000 	0
952	0.0668416700000000 	-0.4504542423680000 	0
953	0.0669000000000000 	-0.4503610659590000 	0
954	0.0669583300000000 	-0.4502673027280000 	0
955	0.0670166700000000 	-0.4501730066340000 	0
956	0.0670750000000000 	-0.4500781690800000 	0
957	0.0671333300000000 	-0.4499826712520000 	0
958	0.0671916700000000 	-0.4498863831170000 	0
959	0.0672500000000000 	-0.4497891746430000 	0
960	0.0673083300000000 	-0.4496909157970000 	0
961	0.0673666700000000 	-0.4495914765450000 	0
962	0.0674250000000000 	-0.4494907268560000 	0
963	0.0674833300000000 	-0.4493885366970000 	0
964	0.0675416700000000 	-0.4492847760330000 	0
965	0.0676000000000000 	-0.4491793148340000 	0
966	0.0676583300000000 	-0.4490720230660000 	0
967	0.0677166700000000 	-0.4489627706970000 	0
968	0.0677750000000000 	-0.4488514276930000 	0
969	0.0678333300000000 	-0.4487378640210000 	0
970	0.0678916700000000 	-0.4486219496500000 	0
971	0.0679500000000000 	-0.4485035545460000 	0
972	0.0680083300000000 	-0.4483825486760000 	0
973	0.0680666700000000 	-0.4482588020080000 	0
974	0.0681250000000000 	-0.4481321845090000 	0
975	0.0681833300000000 	-0.4480025661460000 	0
976	0.0682416700000000 	-0.4478698168860000 	0
977	0.0683000000000000 	-0.4477338066970000 	0
978	0.0683583300000000 	-0.4475944055460000 	0
979	0.0684166700000000 	-0.4474514833990000 	0
980	0.0684750000000000 	-0.4473049102250000 	0
981	0.0685333300000000 	-0.4471545559910000 	0
982	0.0685916700000000 	-0.4470002906630000 	0
983	0.0686500000000000 	-0.4468419842080000 	0
984	0.0687083300000000 	-0.4466795065950000 	0
985	0.0687666700000000 	-0.4465127277910000 	0
986	0.0688250000000000 	-0.4463415177620000 	0
987	0.0688833300000000 	-0.4461657464750000 	0
988	0.0689416700000000 	-0.4459852838990000 	0
989	0.0690000000000000 	-0.4458000000000000 	0
