0	0
44	0
44.44444444	0.000418749
44.54446886	0.000404406
44.64449328	0.001036501
44.7445177	0.001053188
44.84454212	0.000541516
44.94456654	0.000357206
45.04459096	0.000474109
45.14461538	0.000428078
45.2446398	0.001713313
45.34466422	0.000752602
45.44468864	0.000326353
45.54471306	-0.001280858
45.64473748	0.000394816
45.7447619	0.000507803
45.84478632	0.000306693
45.94481074	0.0007838
46.04483516	0.000398918
46.14485958	-0.000348389
46.244884	0.000250379
46.34490842	-0.000606899
46.44493284	-0.000831896
46.54495726	-0.000632004
46.64498168	-0.001057646
46.74500611	-0.000974733
46.84503053	0.000128874
46.94505495	-0.00083161
47.04507937	-0.000845571
47.14510379	-0.000874879
47.24512821	-0.000796643
47.34515263	-0.000729755
47.44517705	-0.001184711
47.54520147	-0.000174028
47.64522589	-5.60609E-05
47.74525031	0.00018638
47.84527473	0.000394232
47.94529915	-0.000214242
48.04532357	-0.001041495
48.14534799	0.00055419
48.24537241	-0.000701396
48.34539683	-0.000895836
48.44542125	-0.001559114
48.54544567	-0.001692912
48.64547009	-0.001394619
48.74549451	-0.001424264
48.84551893	-0.001084327
48.94554335	-0.000679725
49.04556777	-0.000561713
49.14559219	-0.002010649
49.24561661	-0.00137072
49.34564103	-0.000817007
49.44566545	-0.001486733
49.54568987	-0.001477919
49.64571429	-0.001344564
49.74573871	-0.001003922
49.84576313	-0.001806344
49.94578755	-0.001736188
50.04581197	-0.00128712
50.14583639	-0.001082215
50.24586081	-0.000873111
50.34588523	-0.001560052
50.44590965	-0.001372143
50.54593407	-0.000960766
50.64595849	-0.002064368
50.74598291	-0.00272197
50.84600733	-0.002071633
50.94603175	-0.002240208
51.04605617	-0.00137329
51.14608059	-0.000101958
51.24610501	-0.001080706
51.34612943	-0.000745867
51.44615385	-0.000458492
51.54617827	-0.000433352
51.64620269	-0.001205665
51.74622711	-0.001149753
51.84625153	-0.001250492
51.94627595	-0.00209686
52.04630037	-0.001908508
52.14632479	-0.001418614
52.24634921	-0.001341315
52.34637363	-0.000922877
52.44639805	-0.001774383
52.54642247	-0.001846478
52.64644689	-0.001970101
52.74647131	-0.001636391
52.84649573	-0.001553377
52.94652015	-0.001235771
53.04654457	9.29692E-05
53.14656899	1.13713E-05
53.24659341	-0.000217736
53.34661783	-0.000818259
53.44664225	-0.001226854
53.54666667	-0.001147651
53.64669109	-0.002361891
53.74671551	-0.0026004
53.84673993	-0.002166013
53.94676435	-0.001517781
54.04678877	0.000125762
54.14681319	0.000422199
54.24683761	0.000349243
54.34686203	0.000562369
54.44688645	-0.000451892
54.54691087	-0.000205172
54.64693529	-9.7569E-06
54.74695971	-0.000381137
54.84698413	0.000290508
54.94700855	0.000383868
55.04703297	0.000930115
55.14705739	0.000384126
55.24708181	-0.000321895
55.34710623	0.000174799
55.44713065	-0.000113738
55.54715507	-0.001490465
55.64717949	-0.001277821
55.74720391	-0.001159998
55.84722833	-0.001313505
55.94725275	-0.000263516
56.04727717	0.00010106
56.14730159	0.000409408
56.24732601	0.000618827
56.34735043	0.000173108
56.44737485	-5.18675E-05
56.54739927	-0.000728647
56.64742369	-0.000168391
56.74744811	0.000861206
56.84747253	0.000499094
56.94749695	3.10848E-05
57.04752137	0.000132989
57.14754579	6.75159E-06
57.24757021	0.000444544
57.34759463	0.00011872
57.44761905	-0.002083782
57.54764347	-0.000993268
57.64766789	-0.00094054
57.74769231	-0.00178449
57.84771673	-0.001891562
57.94774115	-0.000440812
58.04776557	-0.000146447
58.14778999	-0.000341899
58.24781441	-0.001202663
58.34783883	-0.002875559
58.44786325	-0.00271654
58.54788767	-0.00318524
58.64791209	-0.003216864
58.74793651	-0.002167403
58.84796093	-0.001538908
58.94798535	-0.001749217
59.04800977	-0.001253126
59.14803419	-0.001861055
59.24805861	-0.001519722
59.34808303	-0.002075937
59.44810745	-0.002918244
59.54813187	-0.002608729
59.64815629	-0.001768517
59.74818071	-0.000905006
59.84820513	-0.000281571
59.94822955	-0.000377748
60.04825397	-0.001486158
60.14827839	-0.002456725
60.24830281	-0.002012947
60.34832723	-0.000800756
60.44835165	-0.00097443
60.54837607	-0.000895226
60.64840049	-0.000595962
60.74842491	0.000263606
60.84844933	-0.000174804
60.94847375	2.30634E-05
61.04849817	-0.000230396
61.14852259	-0.00036687
61.24854701	-0.000362521
61.34857143	-0.000416141
61.44859585	-0.000656831
61.54862027	0.00173102
61.64864469	0.002279246
61.74866911	0.002257219
61.84869353	0.001582558
61.94871795	0.001337377
62.04874237	0.00113345
62.14876679	0.000883145
62.24879121	0.001347773
62.34881563	-6.11123E-05
62.44884005	-0.001207229
62.54886447	-0.000886437
62.64888889	-0.001625223
62.74891331	-0.00209768
62.84893773	-0.000730783
62.94896215	0.000775916
63.04898657	0.001827801
63.14901099	0.001423823
63.24903541	0.001778964
63.34905983	0.001104736
63.44908425	0.000332811
63.54910867	0.000628001
63.64913309	0.001247111
63.74915751	0.000297543
63.84918193	0.000302615
63.94920635	-3.88656E-05
64.04923077	-2.63408E-05
64.14925519	2.90813E-05
64.24927961	0.001035117
64.34930403	0.000597621
64.44932845	0.000583703
64.54935287	0.000810332
64.64937729	0.000427849
64.74940171	-0.000979282
64.84942613	-0.000481994
64.94945055	-0.001001644
65.04947497	-0.000866797
65.14949939	-0.00085006
65.24952381	-0.001569232
65.34954823	-0.000559941
65.44957265	-5.88794E-05
65.54959707	-0.001046875
65.64962149	-0.000826221
65.74964591	-0.000720707
65.84967033	-0.00181944
65.94969475	-0.001656537
66.04971917	-0.001457745
66.14974359	-0.002348493
66.24976801	-0.00330655
66.34979243	-0.00247806
66.44981685	-0.001887248
66.54984127	-0.002195866
66.64986569	-0.001777402
66.74989011	-0.001603277
66.84991453	-0.00101111
66.94993895	-0.001023946
67.04996337	-0.001032104
67.14998779	-0.002014048
67.25001221	-0.002778612
67.35003663	-0.003243833
67.45006105	-0.003160379
67.55008547	-0.002818226
67.65010989	-0.001364655
67.75013431	-0.001041825
67.85015873	-0.001652787
67.95018315	-0.003159745
68.05020757	-0.002293435
68.15023199	-0.001373188
68.25025641	-0.0032437
68.35028083	-0.003247035
68.45030525	-0.002472995
68.55032967	-0.002790123
68.65035409	-0.002316926
68.75037851	-0.00227148
68.85040293	-0.002737135
68.95042735	-0.002253787
69.05045177	-0.002093393
69.15047619	-0.001076461
69.25050061	-0.001546979
69.35052503	-0.001816832
69.45054945	-0.001748001
69.55057387	-0.001854985
69.65059829	-0.00255147
69.75062271	-0.003927583
69.85064713	-0.003217861
69.95067155	-0.001894933
70.05069597	-0.000521441
70.15072039	-0.001602347
70.25074481	-0.00196599
70.35076923	-0.001738054
70.45079365	-0.001701791
70.55081807	-0.001909518
70.65084249	-0.00050967
70.75086691	-0.000543463
70.85089133	-0.00142221
70.95091575	-0.001514138
71.05094017	-0.00160248
71.15096459	-0.001157096
71.25098901	-0.001634831
71.35101343	-0.001742349
71.45103785	-0.00083869
71.55106227	0.000496274
71.65108669	0.000171769
71.75111111	-0.000732583
71.85113553	-0.000643512
71.95115995	-0.003150275
72.05118437	-0.002598225
72.15120879	-0.001218696
72.25123321	-0.001543928
72.35125763	-0.000938888
72.45128205	-0.001192826
72.55130647	-0.001377553
72.65133089	-0.002705641
72.75135531	-0.001400051
72.85137973	-0.001007425
72.95140415	-0.001705918
73.05142857	-0.00102131
73.15145299	0.000222788
73.25147741	-0.000878396
73.35150183	-0.000724917
73.45152625	-0.000269037
73.55155067	-0.001236083
73.65157509	-0.000406337
73.75159951	-0.00042261
73.85162393	-0.001213507
73.95164835	-0.001671576
74.05167277	-0.000667855
74.15169719	-0.000187406
74.25172161	-0.002168148
74.35174603	-0.001120106
74.45177045	-0.000611722
74.55179487	-0.001390782
74.65181929	-0.001936272
74.75184371	-0.002838993
74.85186813	-0.003045524
74.95189255	-0.003216991
75.05191697	-0.002506944
75.15194139	-0.002700368
75.25196581	-0.00307253
75.35199023	-0.002765742
75.45201465	-0.001840125
75.55203907	-0.001247995
75.65206349	-0.001475242
75.75208791	-0.001679045
75.85211233	-0.001568197
75.95213675	-0.001278712
76.05216117	-0.002363359
76.15218559	-0.002507261
76.25221001	-0.002132013
76.35223443	-0.00198673
76.45225885	-0.001774172
76.55228327	-0.001042627
76.65230769	-0.001499704
76.75233211	-0.002676684
76.85235653	-0.0022327
76.95238095	-0.001881121
77.05240537	-0.002612423
77.15242979	-0.002251575
77.25245421	-0.003020176
77.35247863	-0.003213268
77.45250305	-0.003759083
77.55252747	-0.003574099
77.65255189	-0.002746651
77.75257631	-0.002502075
77.85260073	-0.002321409
77.95262515	-0.001247145
78.05264957	-0.001412321
78.15267399	-0.002065277
78.25269841	-0.00181727
78.35272283	-0.002357986
78.45274725	-0.001695239
78.55277167	-0.001579422
78.65279609	-0.002577197
78.75282051	-0.002456889
78.85284493	-0.001835253
78.95286935	-0.001365064
79.05289377	-0.001740349
79.15291819	-0.002510393
79.25294261	-0.002737934
79.35296703	-0.001977277
79.45299145	-0.001243291
79.55301587	-0.000399319
79.65304029	-0.000662729
79.75306471	-0.000326318
79.85308913	0.000549982
79.95311355	-8.48377E-05
80.05313797	0.00039194
80.15316239	0.000300633
80.25318681	-0.000967836
80.35321123	-0.001929028
80.45323565	-0.000512117
80.55326007	-0.000571487
80.65328449	0.000738567
80.75330891	0.000183234
80.85333333	-0.000600348
80.95335775	5.64656E-05
81.05338217	0.00035607
81.15340659	0.000571772
81.25343101	0.00034277
81.35345543	-0.000106676
81.45347985	-4.39922E-07
81.55350427	-9.41184E-05
81.65352869	0.000347285
81.75355311	0.000602634
81.85357753	0.000523746
81.95360195	0.000532311
82.05362637	0.000203099
82.15365079	0.000994567
82.25367521	-0.000879788
82.35369963	-0.00040133
82.45372405	-0.000949362
82.55374847	-0.000770481
82.65377289	-0.000491687
82.75379731	0.000822693
82.85382173	-0.000511388
82.95384615	-0.001248342
83.05387057	-0.000769997
83.15389499	-0.001694952
83.25391941	-0.001304466
83.35394383	-0.000547656
83.45396825	-0.001073312
83.55399267	-5.40236E-05
83.65401709	0.00114556
83.75404151	0.00035965
83.85406593	-0.000113751
83.95409035	-0.000774443
84.05411477	-0.001468138
84.15413919	-0.000785847
84.25416361	-0.001115918
84.35418803	-0.001258783
84.45421245	-7.35945E-06
84.55423687	-0.000484131
84.65426129	-0.001685476
84.75428571	-0.001574882
84.85431013	-0.00068933
84.95433455	-0.000323358
85.05435897	-0.000739262
85.15438339	-0.000137107
85.25440781	-0.000275128
85.35443223	-0.000790224
85.45445665	-0.00064454
85.55448107	-0.001644845
85.65450549	-0.001605582
85.75452991	-0.00157836
85.85455433	-0.000174572
85.95457875	0.000556817
86.05460317	-0.000692707
86.15462759	-0.00023177
86.25465201	0.000408847
86.35467643	-0.000890987
86.45470085	-0.001566935
86.55472527	-0.001126988
86.65474969	0.00018706
86.75477411	0.000950973
86.85479853	0.000809702
86.95482295	0.000555341
87.05484737	0.001192815
87.15487179	0.001479475
87.25489621	0.00174355
87.35492063	0.00271504
87.45494505	0.002998053
87.55496947	0.003313319
87.65499389	0.003788326
87.75501832	0.002726921
87.85504274	0.001359387
87.95506716	0.001716088
88.05509158	0.000609118
88.155116	0.000659357
88.25514042	0.001142852
88.35516484	0.001855507
88.45518926	0.001223087
88.55521368	0.001103169
88.6552381	0.002183649
88.75526252	0.001414096
88.85528694	0.000584961
88.95531136	0.001657085
89.05533578	0.001658043
89.1553602	0.001643317
89.25538462	0.002255246
89.35540904	0.001961076
89.45543346	0.001750183
89.55545788	0.001480894
89.6554823	0.001126034
89.75550672	0.000667753
89.85553114	0.000193051
89.95555556	-0.001140015
90.05557998	-0.000630915
90.1556044	0.000159899
90.25562882	-8.73916E-05
90.35565324	-0.00010096
90.45567766	0.000897726
90.55570208	0.000618774
90.6557265	2.89802E-05
90.75575092	0.000269095
90.85577534	0.000428289
90.95579976	-0.000191042
91.05582418	-0.001099286
91.1558486	-0.001758196
91.25587302	-0.001210605
91.35589744	-0.000664654
91.45592186	-0.00151172
91.55594628	-0.001803265
91.6559707	-0.001594958
91.75599512	-0.001848839
91.85601954	-0.001637009
91.95604396	-0.000885839
92.05606838	-0.001063192
92.1560928	-0.001477096
92.25611722	-0.00322963
92.35614164	-0.003066707
92.45616606	-0.001974594
92.55619048	-0.002501879
92.6562149	-0.001650165
92.75623932	-0.001302412
92.85626374	-0.00224232
92.95628816	-0.00339353
93.05631258	-0.002422408
93.156337	-0.002046403
93.25636142	-0.001858633
93.35638584	-0.00198867
93.45641026	-0.002043932
93.55643468	-0.002415774
93.6564591	-0.002214411
93.75648352	-0.002594705
93.85650794	-0.003789255
93.95653236	-0.003923931
94.05655678	-0.002303515
94.1565812	-0.001898408
94.25660562	-0.001460347
94.35663004	-0.001948708
94.45665446	-0.001983759
94.55667888	-0.000469609
94.6567033	-0.000725
94.75672772	-0.001423559
94.85675214	-9.05345E-05
94.95677656	-0.000749871
95.05680098	-0.001027263
95.1568254	-0.00108368
95.25684982	-0.000521131
95.35687424	-0.000554417
95.45689866	-0.000811999
95.55692308	-0.001191914
95.6569475	-0.001753226
95.75697192	-0.000885672
95.85699634	0.000557916
95.95702076	0.000466755
96.05704518	0.00043301
96.1570696	0.000675181
96.25709402	-0.000309974
96.35711844	0.000382768
96.45714286	0.00133428
96.55716728	0.001338621
96.6571917	0.00109086
96.75721612	0.001032536
96.85724054	0.001158224
96.95726496	0.001906662
97.05728938	0.001255837
97.1573138	0.000224411
97.25733822	0.000694481
97.35736264	-0.000599548
97.45738706	0.000484524
97.55741148	0.000781208
97.6574359	-0.000532789
97.75746032	-0.00041436
97.85748474	-0.000296087
97.95750916	0.000512111
98.05753358	0.000904126
98.157558	0.001674248
98.25758242	0.001614086
98.35760684	0.00163894
98.45763126	0.000107449
98.55765568	-0.000794379
98.6576801	0.000379025
98.75770452	0.000401763
98.85772894	-0.000396159
98.95775336	-0.000607236
99.05777778	0.000417263
99.1578022	0.000393061
99.25782662	-0.000462522
99.35785104	-0.001785166
99.45787546	-0.002650964
99.55789988	-0.00178555
99.6579243	-0.002665636
99.75794872	-0.003175089
99.85797314	-0.004300329
99.95799756	-0.003015114
100.058022	-0.002787726
100.1580464	-0.003063099
100.2580708	-0.003505032
100.3580952	-0.003511939
100.4581197	-0.003051214
100.5581441	-0.002064433
100.6581685	-0.001781754
100.7581929	-0.003050064
100.8582173	-0.002613092
100.9582418	-0.001186398
101.0582662	-0.002477801
101.1582906	-0.002573374
101.258315	-0.003118597
101.3583394	-0.002199675
101.4583639	-0.001484136
101.5583883	-0.001297963
101.6584127	-0.002152697
101.7584371	-0.002007838
101.8584615	-0.00169271
101.958486	-0.002311652
102.0585104	-0.002492383
102.1585348	-0.002087118
102.2585592	-0.002724725
102.3585836	-0.002344542
102.4586081	-0.001103839
102.5586325	-0.001489172
102.6586569	-0.002279359
102.7586813	-0.001975128
102.8587057	-0.002158458
102.9587302	-0.002644098
103.0587546	-0.001309754
103.158779	-0.00077772
103.2588034	-0.000316934
103.3588278	-4.97263E-06
103.4588523	-0.000668546
103.5588767	6.91243E-05
103.6589011	-0.000134584
103.7589255	0.000236288
103.8589499	0.000682592
103.9589744	0.000926316
104.0589988	0.001274908
104.1590232	0.002123359
104.2590476	0.002413205
104.359072	0.002560952
104.4590965	0.000930773
104.5591209	-0.000163816
104.6591453	0.000192565
104.7591697	0.002873864
104.8591941	0.002488242
104.9592186	0.002596493
105.059243	0.00307243
105.1592674	0.00320978
105.2592918	0.003844454
105.3593162	0.003362423
105.4593407	0.002752761
105.5593651	0.002098796
105.6593895	0.002891448
105.7594139	0.003789168
105.8594383	0.002822337
105.9594628	0.001797855
106.0594872	0.002349814
106.1595116	0.00122886
106.259536	0.001483278
106.3595604	0.002073372
106.4595849	0.001616321
106.5596093	0.001904835
106.6596337	0.002232364
106.7596581	0.001161763
106.8596825	0.001417283
106.959707	0.000161194
107.0597314	0.001288997
107.1597558	0.001494752
107.2597802	0.00026918
107.3598046	-0.000545783
107.4598291	-0.000772851
107.5598535	-0.000300851
107.6598779	0.000316336
107.7599023	0.000392393
107.8599267	0.001363349
107.9599512	0.000966255
108.0599756	0.000645688
108.16	0.000410088
108.2600244	0.001330881
108.3600488	0.000134159
108.4600733	-0.00097715
108.5600977	-0.000527816
108.6601221	0.000828708
108.7601465	-7.10907E-05
108.8601709	0.000117409
108.9601954	-0.000581882
109.0602198	0.000342572
109.1602442	-0.000743026
109.2602686	-0.001661915
109.360293	-0.002040222
109.4603175	-0.001748148
109.5603419	-0.001735753
109.6603663	-0.001888075
109.7603907	-0.00057897
109.8604151	-0.000916029
109.9604396	-0.001466972
110.060464	-0.001851268
110.1604884	-0.001785284
110.2605128	-0.001345757
110.3605372	-0.002220002
110.4605617	-0.003770386
110.5605861	-0.00193692
110.6606105	-0.002113288
110.7606349	-0.001512153
110.8606593	-0.00121948
110.9606838	-0.001406198
111.0607082	-0.002761462
111.1607326	-0.001849605
111.260757	-0.001799458
111.3607814	-0.001492092
111.4608059	-0.001751358
111.5608303	-0.002463861
111.6608547	-0.001994678
111.7608791	-0.001619304
111.8609035	-0.001558885
111.960928	-0.001057593
112.0609524	-0.000744259
112.1609768	-0.000802157
112.2610012	-0.001438691
112.3610256	-0.000885579
112.4610501	-0.001731183
112.5610745	-0.00136321
112.6610989	-0.000666158
112.7611233	-0.000892517
112.8611477	-0.000957271
112.9611722	-0.000636409
113.0611966	-0.00031843
113.161221	-0.000174034
113.2612454	-0.000213636
113.3612698	-0.000841632
113.4612943	-0.000154495
113.5613187	-0.001294969
113.6613431	-0.001625305
113.7613675	-0.000877507
113.8613919	9.80293E-05
113.9614164	0.000929577
114.0614408	0.000885241
114.1614652	0.000578309
114.2614896	-0.000434364
114.361514	-0.000643269
114.4615385	-0.001791751
114.5615629	-0.001086487
114.6615873	-0.00169096
114.7616117	-0.001877299
114.8616361	-0.001858212
114.9616606	-0.00173454
115.061685	-0.001747316
115.1617094	-0.001530835
115.2617338	-0.001179726
115.3617582	-0.001068132
115.4617827	-0.001285496
115.5618071	-0.000498779
115.6618315	-0.001042119
115.7618559	-0.000391819
115.8618803	-0.00012041
115.9619048	0.000111184
116.0619292	-0.000753083
116.1619536	-0.000553564
116.261978	0.000182308
116.3620024	-0.000529557
116.4620269	-0.001312506
116.5620513	-0.001637013
116.6620757	-0.000847922
116.7621001	-0.002185486
116.8621245	-0.002483246
116.962149	-0.00301619
117.0621734	-0.002725378
117.1621978	-0.002503058
117.2622222	-0.00304693
117.3622466	-0.00229987
117.4622711	-0.002505197
117.5622955	-0.00204872
117.6623199	-0.002083799
117.7623443	-0.002719344
117.8623687	-0.002682871
117.9623932	-0.002812574
118.0624176	-0.003056951
118.162442	-0.00336379
118.2624664	-0.002853668
118.3624908	-0.002861678
118.4625153	-0.002387556
118.5625397	-0.001737517
118.6625641	-0.002241798
118.7625885	-0.001023261
118.8626129	-0.001478539
118.9626374	-0.001540053
119.0626618	-0.001263228
119.1626862	-0.001210197
119.2627106	-0.000463649
119.362735	-0.000600996
119.4627595	-0.001102996
119.5627839	-0.001556519
119.6628083	-0.001338388
119.7628327	-0.000833406
119.8628571	-0.0006276
119.9628816	-0.000284286
120.062906	-0.000460652
120.1629304	-0.001183198
120.2629548	-0.001153108
120.3629792	3.48762E-05
120.4630037	-0.000155435
120.5630281	-0.000478761
120.6630525	-0.000575979
120.7630769	-0.001083922
120.8631013	-0.001270905
120.9631258	-0.001201098
121.0631502	-0.000592339
121.1631746	0.000468249
121.263199	-0.00050178
121.3632234	0.00031639
121.4632479	-4.78574E-05
121.5632723	0.000977539
121.6632967	-3.42123E-05
121.7633211	2.25875E-06
121.8633455	0.00082671
121.96337	0.001162579
122.0633944	0.001109866
122.1634188	0.000181948
122.2634432	6.41745E-05
122.3634676	0.001105326
122.4634921	0.000844659
122.5635165	0.00120539
122.6635409	0.001395691
122.7635653	0.001422656
122.8635897	0.001955663
122.9636142	0.001687515
123.0636386	-0.000413769
123.163663	-0.000956043
123.2636874	-0.00018896
123.3637118	-0.000334322
123.4637363	-0.000362882
123.5637607	-0.000747963
123.6637851	-0.00043549
123.7638095	5.24035E-05
123.8638339	-0.00041174
123.9638584	0.001138904
124.0638828	-0.00116543
124.1639072	-7.38242E-05
124.2639316	-0.000482608
124.363956	-0.001413997
124.4639805	-0.001535668
124.5640049	-0.000916597
124.6640293	-0.000151195
124.7640537	0.000573868
124.8640781	0.000749331
124.9641026	5.91687E-05
125.064127	-0.000257775
125.1641514	-0.000847275
125.2641758	-0.000919476
125.3642002	-0.001264775
125.4642247	-0.001117426
125.5642491	-0.001743819
125.6642735	-0.002311793
125.7642979	-0.002483852
125.8643223	-0.002401266
125.9643468	-0.001266022
126.0643712	-0.001154079
126.1643956	-0.001305109
126.26442	-0.000193104
126.3644444	-0.000459758
126.4644689	-0.000587695
126.5644933	-0.000272369
126.6645177	-0.000500081
126.7645421	-0.000456905
126.8645665	-0.000175468
126.964591	-0.000613103
127.0646154	-0.001315048
127.1646398	-0.001077203
127.2646642	-0.00064613
127.3646886	-0.001097947
127.4647131	-0.000579667
127.5647375	-0.001502324
127.6647619	-0.00111941
127.7647863	0.000195616
127.8648107	0.000601807
127.9648352	0.001263777
128.0648596	0.002013984
128.164884	0.001299633
128.2649084	0.00147459
128.3649328	0.001678643
128.4649573	0.00202511
128.5649817	0.002434946
128.6650061	0.001874216
128.7650305	0.001822664
128.8650549	0.000583634
128.9650794	0.000210325
129.0651038	0.000739047
129.1651282	0.001496053
129.2651526	0.001337414
129.365177	0.002024718
129.4652015	0.00136035
129.5652259	0.001806892
129.6652503	0.002297126
129.7652747	0.001599945
129.8652991	0.00165724
129.9653236	0.001638137
130.065348	0.00174291
130.1653724	0.002518856
130.2653968	0.001668513
130.3654212	0.001373591
130.4654457	0.002810661
130.5654701	0.002884149
130.6654945	0.003030249
130.7655189	0.001517582
130.8655433	0.002129248
130.9655678	0.001824783
131.0655922	0.001679998
131.1656166	0.00191591
131.265641	0.001251679
131.3656654	0.00155103
131.4656899	0.001225614
131.5657143	0.002680279
131.6657387	0.002308865
131.7657631	0.001789746
131.8657875	0.00212282
131.965812	0.00124081
132.0658364	0.000656784
132.1658608	-0.000258898
132.2658852	0.000564157
132.3659096	0.000649257
132.4659341	-0.000474446
132.5659585	0.000449595
132.6659829	0.000187989
132.7660073	0.000209113
132.8660317	-0.000721568
132.9660562	-0.001864161
133.0660806	-0.0009265
133.166105	-0.001092127
133.2661294	-0.000314067
133.3661538	-0.00024347
133.4661783	-0.00140411
133.5662027	-0.002208999
133.6662271	-0.002486328
133.7662515	-0.001452008
133.8662759	-0.002020592
133.9663004	-0.002058164
134.0663248	-0.002030831
134.1663492	-0.003180176
134.2663736	-0.002069329
134.366398	-0.001777038
134.4664225	-0.001767484
134.5664469	-0.00132803
134.6664713	-0.002500592
134.7664957	-0.002529543
134.8665201	-0.002805
134.9665446	-0.00228195
135.066569	-0.002284322
135.1665934	-0.002348011
135.2666178	-0.000823796
135.3666422	-0.001126335
135.4666667	-0.000578201
135.5666911	-0.000408719
135.6667155	-0.001083176
135.7667399	-0.002239382
135.8667643	-0.001689017
135.9667888	-0.001397937
136.0668132	0.000161665
136.1668376	3.74862E-05
136.266862	0.000456494
136.3668864	0.000675262
136.4669109	0.001082503
136.5669353	0.000143302
136.6669597	0.000151478
136.7669841	0.000176967
136.8670085	0.000301749
136.967033	0.000832611
137.0670574	0.000132906
137.1670818	9.1781E-05
137.2671062	-9.63612E-05
137.3671306	0.000777465
137.4671551	0.001798512
137.5671795	0.002934816
137.6672039	0.003182955
137.7672283	0.00311153
137.8672527	0.003048981
137.9672772	0.00332107
138.0673016	0.003151663
138.167326	0.003868542
138.2673504	0.003229648
138.3673748	0.002529207
138.4673993	0.003077261
138.5674237	0.003754584
138.6674481	0.003810323
138.7674725	0.00289626
138.8674969	0.003203332
138.9675214	0.003803898
139.0675458	0.004368842
139.1675702	0.003459393
139.2675946	0.003769664
139.367619	0.00434304
139.4676435	0.002773422
139.5676679	0.002999503
139.6676923	0.003658906
139.7677167	0.004009646
139.8677411	0.004093121
139.9677656	0.003767999
140.06779	0.004218383
140.1678144	0.004767622
140.2678388	0.004202951
140.3678632	0.003069538
140.4678877	0.002862779
140.5679121	0.003179547
140.6679365	0.003224085
140.7679609	0.002830178
140.8679853	0.00215964
140.9680098	0.002008474
141.0680342	0.000555827
141.1680586	0.001160572
141.268083	0.002222725
141.3681074	0.002309772
141.4681319	0.001765363
141.5681563	0.001037742
141.6681807	0.001181543
141.7682051	0.001268874
141.8682295	0.002124603
141.968254	0.001499764
142.0682784	0.000444677
142.1683028	0.00017529
142.2683272	0.000343755
142.3683516	0.000437868
142.4683761	-0.001728972
142.5684005	-0.001235544
142.6684249	-0.000540666
142.7684493	0.00140548
142.8684737	0.000941789
142.9684982	0.001175172
143.0685226	-0.000617796
143.168547	-0.000271624
143.2685714	0.000714732
143.3685958	0.000310529
143.4686203	0.000167096
143.5686447	-0.000478852
143.6686691	0.000143193
143.7686935	0.000466092
143.8687179	0.000939121
143.9687424	0.000938593
144.0687668	0.000755565
144.1687912	0.000751527
144.2688156	0.000248598
144.36884	-0.00034371
144.4688645	-0.000601545
144.5688889	-3.58431E-05
144.6689133	0.000714861
144.7689377	0.000812666
144.8689621	0.000746822
144.9689866	0.001467999
145.069011	0.000557068
145.1690354	0.000178121
145.2690598	0.000746394
145.3690842	0.00081667
145.4691087	0.001841931
145.5691331	0.002985349
145.6691575	0.003762058
145.7691819	0.003796915
145.8692063	0.005007537
145.9692308	0.003467556
146.0692552	0.002219521
146.1692796	0.00166884
146.269304	0.001658215
146.3693284	0.00281544
146.4693529	0.004320033
146.5693773	0.003718713
146.6694017	0.004134163
146.7694261	0.003502234
146.8694505	0.003364344
146.969475	0.003734542
147.0694994	0.003659265
147.1695238	0.004718429
147.2695482	0.004968304
147.3695726	0.002540583
147.4695971	0.003673706
147.5696215	0.004237441
147.6696459	0.003611124
147.7696703	0.003540085
147.8696947	0.003576715
147.9697192	0.003144127
148.0697436	0.002250286
148.169768	0.001611797
148.2697924	0.002374886
148.3698168	0.002290584
148.4698413	0.001966523
148.5698657	0.001790014
148.6698901	0.001365594
148.7699145	0.001204066
148.8699389	0.00096047
148.9699634	0.001533693
149.0699878	0.001501703
149.1700122	0.001538278
149.2700366	0.000432686
149.3700611	0.001171652
149.4700855	0.000932116
149.5701099	4.75249E-05
149.6701343	-0.000497771
149.7701587	-0.001424632
149.8701832	-0.002695244
149.9702076	-0.002188737
150.070232	-0.00173011
150.1702564	-0.002432781
150.2702808	-0.002378904
150.3703053	-0.002825118
150.4703297	-0.003717264
150.5703541	-0.003441436
150.6703785	-0.003692968
150.7704029	-0.003417433
150.8704274	-0.001825251
150.9704518	-0.001385518
151.0704762	-0.002558492
151.1705006	-0.002419568
151.270525	-0.003336843
151.3705495	-0.003705978
151.4705739	-0.003604865
151.5705983	-0.003940576
151.6706227	-0.002949762
151.7706471	-0.002393484
151.8706716	-0.003203182
151.970696	-0.003171922
152.0707204	-0.003874979
152.1707448	-0.002676891
152.2707692	-0.002406504
152.3707937	-0.00394705
152.4708181	-0.003654961
152.5708425	-0.002747472
152.6708669	-0.002349361
152.7708913	-0.001968094
152.8709158	-0.001099856
152.9709402	-0.001510927
153.0709646	-0.002363057
153.170989	-0.00320655
153.2710134	-0.003040555
153.3710379	-0.004442633
153.4710623	-0.004338172
153.5710867	-0.001931845
153.6711111	-0.001172606
153.7711355	-0.00192726
153.87116	-0.001093049
153.9711844	-0.001679361
154.0712088	-0.001183217
154.1712332	-0.001417617
154.2712576	-0.000881146
154.3712821	-0.00056763
154.4713065	0.000953106
154.5713309	0.000737563
154.6713553	0.000275073
154.7713797	-0.000326667
154.8714042	-6.0733E-05
154.9714286	-0.000200553
155.071453	0.000583591
155.1714774	-0.000259357
155.2715018	-0.00057408
155.3715263	0.000260836
155.4715507	-0.000923879
155.5715751	-0.000888089
155.6715995	-0.000963564
155.7716239	0.000390785
155.8716484	0.000976555
155.9716728	0.001000507
156.0716972	0.000845042
156.1717216	-0.000292096
156.271746	-9.25257E-05
156.3717705	6.60703E-06
156.4717949	-0.000648202
156.5718193	-0.001610671
156.6718437	-0.001613467
156.7718681	-0.001757869
156.8718926	-0.000800914
156.971917	-0.000390346
157.0719414	-2.79803E-05
157.1719658	6.13816E-05
157.2719902	0.00095169
157.3720147	0.000798288
157.4720391	0.001269758
157.5720635	0.000787625
157.6720879	-5.47812E-05
157.7721123	-0.001005437
157.8721368	-0.001985171
157.9721612	-0.001241921
158.0721856	-0.001135995
158.17221	-0.001645461
158.2722344	-0.001768875
158.3722589	-0.002120515
158.4722833	-0.002023782
158.5723077	-0.001480397
158.6723321	-0.001917552
158.7723565	-0.002221529
158.872381	-0.003124326
158.9724054	-0.001829697
159.0724298	-0.002101769
159.1724542	-0.002977916
159.2724786	-0.002145012
159.3725031	-0.001981925
159.4725275	-0.002880287
159.5725519	-0.002852507
159.6725763	-0.002723355
159.7726007	-0.001962517
159.8726252	-0.003206871
159.9726496	-0.002598871
160.072674	-0.001671479
160.1726984	-0.00188152
160.2727228	-0.001719242
160.3727473	-0.002781796
160.4727717	-0.002940908
160.5727961	-0.003409139
160.6728205	-0.002529256
160.7728449	-0.003667234
160.8728694	-0.00402712
160.9728938	-0.00466623
161.0729182	-0.003811606
161.1729426	-0.003345241
161.272967	-0.004470449
161.3729915	-0.002754649
161.4730159	-0.002169295
161.5730403	-0.001082687
161.6730647	0.000764518
161.7730891	-0.000514249
161.8731136	-0.00061536
161.973138	-0.000545708
162.0731624	-0.001445574
162.1731868	-0.003483162
162.2732112	-0.003369637
162.3732357	-0.003098411
162.4732601	-0.003099218
162.5732845	-0.001911084
162.6733089	-0.001483465
162.7733333	-0.001181479
162.8733578	-0.000938882
162.9733822	-0.000447118
163.0734066	-0.000257365
163.173431	-0.000484871
163.2734554	7.54546E-05
163.3734799	0.000382399
163.4735043	-4.55828E-05
163.5735287	0.000481437
163.6735531	0.000508963
163.7735775	-0.000615311
163.873602	-0.000570347
163.9736264	-0.000994291
164.0736508	-0.000188108
164.1736752	0.000635287
164.2736996	0.000875173
164.3737241	0.001363999
164.4737485	0.001398517
164.5737729	0.001261381
164.6737973	0.001355374
164.7738217	0.000431778
164.8738462	-7.96361E-05
164.9738706	-4.28383E-05
165.073895	-0.000852328
165.1739194	-0.00041658
165.2739438	-0.000585328
165.3739683	-0.000343165
165.4739927	-0.001350053
165.5740171	-0.000986501
165.6740415	-5.24043E-05
165.7740659	-0.000489738
165.8740904	-0.000128971
165.9741148	-0.000420841
166.0741392	0.000610283
166.1741636	0.000206986
166.274188	-0.001108118
166.3742125	-0.002776364
166.4742369	-0.003012181
166.5742613	-0.002433465
166.6742857	-0.002470288
166.7743101	-0.001927416
166.8743346	-0.002244634
166.974359	-0.001877286
167.0743834	-0.002668255
167.1744078	-0.002318068
167.2744322	-0.001524446
167.3744567	-0.002407702
167.4744811	-0.001974648
167.5745055	-0.002829939
167.6745299	-0.003275433
167.7745543	-0.004286654
167.8745788	-0.005363143
167.9746032	-0.005334814
168.0746276	-0.005254353
168.174652	-0.004767828
168.2746764	-0.004858152
168.3747009	-0.005245325
168.4747253	-0.005138546
168.5747497	-0.004694631
168.6747741	-0.005348515
168.7747985	-0.005966402
168.874823	-0.005866501
168.9748474	-0.00570493
169.0748718	-0.004583048
169.1748962	-0.003904373
169.2749206	-0.003958359
169.3749451	-0.004363394
169.4749695	-0.003820949
169.5749939	-0.005264177
169.6750183	-0.005064116
169.7750427	-0.004252415
169.8750672	-0.003772559
169.9750916	-0.003866147
170.075116	-0.003109359
170.1751404	-0.003115537
170.2751648	-0.003929281
170.3751893	-0.00334455
170.4752137	-0.00307595
170.5752381	-0.003050771
170.6752625	-0.00260405
170.7752869	-0.002526674
170.8753114	-0.001200873
170.9753358	-0.000538935
171.0753602	-1.95427E-05
171.1753846	-0.000908872
171.275409	-4.02894E-05
171.3754335	0.000706112
171.4754579	-4.60804E-05
171.5754823	-0.000253745
171.6755067	-0.0008893
171.7755311	-0.000757625
171.8755556	-0.000374018
171.97558	0.000829044
172.0756044	0.000496494
172.1756288	-9.82112E-07
172.2756532	-0.000812146
172.3756777	-0.000720861
172.4757021	0.000163825
172.5757265	0.001232827
172.6757509	0.000666593
172.7757753	0.00024543
172.8757998	0.000730432
172.9758242	0.000673644
173.0758486	0.00068491
173.175873	0.001248444
173.2758974	0.000696282
173.3759219	0.001119139
173.4759463	0.001483509
173.5759707	0.000144233
173.6759951	0.00049471
173.7760195	0.000859501
173.876044	0.002147308
173.9760684	0.002926572
174.0760928	0.002362223
174.1761172	0.001955554
174.2761416	0.002832005
174.3761661	0.001770582
174.4761905	0.00081677
174.5762149	-0.000502182
174.6762393	0.000273862
174.7762637	0.000581985
174.8762882	-0.00106506
174.9763126	-0.001161005
175.076337	-0.002051279
175.1763614	-0.000994918
175.2763858	0.000461612
175.3764103	-0.000602486
175.4764347	-0.000538977
175.5764591	-0.001351943
175.6764835	-0.000469632
175.7765079	-0.001181252
175.8765324	-0.000749374
175.9765568	-0.000404619
176.0765812	-0.00075998
176.1766056	-0.000318718
176.27663	0.000676027
176.3766545	-0.000238263
176.4766789	-0.000380926
176.5767033	-0.001832752
176.6767277	-0.002219383
176.7767521	-0.00130678
176.8767766	-0.001740099
176.976801	-0.001456136
177.0768254	-0.001413813
177.1768498	-0.001961108
177.2768742	-0.000550471
177.3768987	-0.000853956
177.4769231	-0.00157335
177.5769475	-0.000992057
177.6769719	-0.001314156
177.7769963	-0.001330587
177.8770208	-0.003474415
177.9770452	-0.002320761
178.0770696	-0.001119597
178.177094	-0.00184593
178.2771184	-0.002053807
178.3771429	-0.001852169
178.4771673	-0.001214193
178.5771917	-0.001571666
178.6772161	-0.000649415
178.7772405	-0.001032197
178.877265	-0.000404889
178.9772894	0.000191507
179.0773138	0.00043495
179.1773382	0.000824415
179.2773626	0.00094757
179.3773871	0.001488993
179.4774115	0.001931503
179.5774359	0.000508737
179.6774603	0.000363088
179.7774847	-0.000199355
179.8775092	7.09645E-06
179.9775336	0.001025175
180.077558	0.001404022
180.1775824	0.001278177
180.2776068	0.000729878
180.3776313	0.001110345
180.4776557	0.000644232
180.5776801	0.002338227
180.6777045	0.002277533
180.7777289	0.001762919
180.8777534	0.000700669
180.9777778	0.000981811
181.0778022	0.000885999
181.1778266	0.00032707
181.277851	0.000659888
181.3778755	0.000360149
181.4778999	0.001628759
181.5779243	0.001998511
181.6779487	0.002192614
181.7779731	0.002374215
181.8779976	0.001507063
181.978022	0.001570075
182.0780464	0.001444242
182.1780708	0.001742216
182.2780952	0.001519377
182.3781197	0.001232628
182.4781441	0.001555829
182.5781685	3.46115E-05
182.6781929	8.63292E-05
182.7782173	0.0006477
182.8782418	0.000700708
182.9782662	0.000577225
183.0782906	-0.000530667
183.178315	-0.000624034
183.2783394	6.40195E-05
183.3783639	0.000233228
183.4783883	-0.000928039
183.5784127	-0.001027687
183.6784371	-0.001584741
183.7784615	-0.001779279
183.878486	-0.001587098
183.9785104	-0.002106342
184.0785348	-0.002220173
184.1785592	-0.002564935
184.2785836	-0.002402783
184.3786081	-0.001929979
184.4786325	-0.001955524
184.5786569	-0.002437895
184.6786813	-0.003560156
184.7787057	-0.003699327
184.8787302	-0.003161112
184.9787546	-0.002262367
185.078779	-0.002135537
185.1788034	-0.001626233
185.2788278	-0.001398026
185.3788523	-0.002064085
185.4788767	-0.002716171
185.5789011	-0.002865094
185.6789255	-0.002294672
185.7789499	-0.002376279
185.8789744	-0.002390757
185.9789988	-0.003103471
186.0790232	-0.00375845
186.1790476	-0.005369445
186.279072	-0.004997619
186.3790965	-0.004020391
186.4791209	-0.004211309
186.5791453	-0.004299591
186.6791697	-0.004758247
186.7791941	-0.00385911
186.8792186	-0.00278281
186.979243	-0.003380942
187.0792674	-0.003977672
187.1792918	-0.004177685
187.2793162	-0.004873471
187.3793407	-0.003127398
187.4793651	-0.002603669
187.5793895	-0.001292234
187.6794139	-0.001299077
187.7794383	-0.00167583
187.8794628	-0.002152203
187.9794872	-0.002378318
188.0795116	-0.001717358
188.179536	-0.001255738
188.2795604	-0.001220572
188.3795849	-0.000990116
188.4796093	-0.000577048
188.5796337	-0.00097828
188.6796581	-0.00137587
188.7796825	-0.002299378
188.879707	-0.002058161
188.9797314	-0.002112903
189.0797558	-0.001913467
189.1797802	-0.001544908
189.2798046	-0.001545613
189.3798291	-0.000954559
189.4798535	-0.001825534
189.5798779	-0.003006596
189.6799023	-0.002198396
189.7799267	-0.001510765
189.8799512	-0.001238265
189.9799756	-0.000541052
190.08	-0.001284357
190.1800244	-0.002358308
190.2800488	-0.000511217
190.3800733	-0.000150137
190.4800977	0.000319661
190.5801221	-0.000158313
190.6801465	-0.000837371
190.7801709	-0.000791092
190.8801954	-0.000692773
190.9802198	-0.000892615
191.0802442	-0.001477235
191.1802686	-0.000348359
191.280293	-3.69787E-05
191.3803175	-0.000668359
191.4803419	-0.001105952
191.5803663	-0.000810263
191.6803907	-0.00154383
191.7804151	-0.001879863
191.8804396	-0.000730969
191.980464	-0.000489428
192.0804884	-0.000200395
192.1805128	-0.00012299
192.2805372	-0.00066037
192.3805617	-0.000864506
192.4805861	-0.002246808
192.5806105	-0.002272529
192.6806349	-0.002019577
192.7806593	-0.001767565
192.8806838	-0.002904053
192.9807082	-0.00309696
193.0807326	-0.00273945
193.180757	-0.001475534
193.2807814	-0.00159018
193.3808059	-0.001929815
193.4808303	-0.003031032
193.5808547	-0.003533767
193.6808791	-0.003145222
193.7809035	-0.002993706
193.880928	-0.002671181
193.9809524	-0.001160359
194.0809768	-0.001695772
194.1810012	-0.002839035
194.2810256	-0.003279614
194.3810501	-0.003160299
194.4810745	-0.002855046
194.5810989	-0.003037831
194.6811233	-0.002910725
194.7811477	-0.001892719
194.8811722	-0.002104535
194.9811966	-0.002848682
195.081221	-0.003787634
195.1812454	-0.001981925
195.2812698	-0.001293818
195.3812943	-0.001536067
195.4813187	-0.002970193
195.5813431	-0.002591129
195.6813675	-0.00444192
195.7813919	-0.003597224
195.8814164	-0.002738365
195.9814408	-0.002757151
196.0814652	-0.002564552
196.1814896	-0.002066521
196.281514	-0.002085601
196.3815385	-0.003370565
196.4815629	-0.00255791
196.5815873	-0.002815821
196.6816117	-0.002083913
196.7816361	-0.000982818
196.8816606	-0.000824513
196.981685	-0.000419948
197.0817094	0.000220492
197.1817338	-0.001270009
197.2817582	-0.001032324
197.3817827	-0.00081816
197.4818071	-0.000637796
197.5818315	-0.000544875
197.6818559	-0.001537243
197.7818803	-0.001190189
197.8819048	-0.001182249
197.9819292	-0.001337618
198.0819536	-0.000382853
198.181978	-0.000902756
198.2820024	5.1387E-05
198.3820269	0.00080916
198.4820513	7.27517E-05
198.5820757	7.5669E-05
198.6821001	0.000400431
198.7821245	-6.18786E-05
198.882149	-0.000657614
198.9821734	-0.001277188
199.0821978	-0.000935511
199.1822222	-0.000330895
199.2822466	-0.000927572
199.3822711	-0.001089685
199.4822955	-0.001105232
199.5823199	-0.000487527
199.6823443	-0.000683549
199.7823687	-0.001236424
199.8823932	-0.000115055
199.9824176	-4.10741E-05
200.082442	-0.000324006
200.1824664	-0.000167427
200.2824908	8.5013E-05
200.3825153	0.000129821
200.4825397	0.000284421
200.5825641	-0.000395334
200.6825885	0.00085802
200.7826129	0.001474186
200.8826374	0.001583212
200.9826618	0.000660997
201.0826862	-0.001091264
201.1827106	-0.002282056
201.282735	-0.000539725
201.3827595	-9.52301E-05
201.4827839	0.000306363
201.5828083	0.000455485
201.6828327	-0.00042612
201.7828571	-0.001173764
201.8828816	-0.001791641
201.982906	-0.001942052
202.0829304	-0.001273348
202.1829548	-0.00036463
202.2829792	-2.9038E-05
202.3830037	5.31504E-05
202.4830281	0.000352573
202.5830525	-0.001194504
202.6830769	-0.002090936
202.7831013	-0.001922861
202.8831258	-0.002079056
202.9831502	-0.000581395
203.0831746	-0.001355963
203.183199	-0.001427678
203.2832234	-0.000315098
203.3832479	-0.001669003
203.4832723	-0.001400026
203.5832967	-0.001175468
203.6833211	-0.000295736
203.7833455	-0.000617991
203.88337	-9.44496E-05
203.9833944	0.000865556
204.0834188	0.001063468
204.1834432	0.00081433
204.2834676	0.001360892
204.3834921	0.00169265
204.4835165	0.000934615
204.5835409	0.000514311
204.6835653	0.0008883
204.7835897	0.000348607
204.8836142	0.001341181
204.9836386	0.001644006
205.083663	0.001603933
205.1836874	0.002588838
205.2837118	0.001436993
205.3837363	0.00111806
205.4837607	0.001283665
205.5837851	0.002775755
205.6838095	0.002290428
205.7838339	0.001853509
205.8838584	0.001281532
205.9838828	0.00196005
206.0839072	0.00250033
206.1839316	0.001616964
206.283956	0.001226009
206.3839805	0.000701904
206.4840049	0.000864263
206.5840293	0.001386636
206.6840537	0.002049628
206.7840781	0.003219908
206.8841026	0.00285037
206.984127	0.002986714
207.0841514	0.003463474
207.1841758	0.004197679
207.2842002	0.002522937
207.3842247	0.002163831
207.4842491	0.001452252
207.5842735	0.001101713
207.6842979	0.000433153
207.7843223	0.001661659
207.8843468	0.001406258
207.9843712	0.001652871
208.0843956	0.002834092
208.18442	0.002349553
208.2844444	0.002776795
208.3844689	0.001008519
208.4844933	0.000732019
208.5845177	0.000328258
208.6845421	0.000565877
208.7845665	0.000919215
208.884591	0.000158595
208.9846154	0.000466067
209.0846398	0.000104116
209.1846642	0.000155228
209.2846886	-0.000358941
209.3847131	0.000338982
209.4847375	0.000127768
209.5847619	0.000176215
209.6847863	-0.00110634
209.7848107	-0.001909798
209.8848352	-0.00087225
209.9848596	-0.000721534
210.084884	-0.001203221
210.1849084	-0.000287048
210.2849328	-5.01117E-05
210.3849573	-0.00037294
210.4849817	0.000152824
210.5850061	-0.000332487
210.6850305	0.000763911
210.7850549	0.000843677
210.8850794	0.00061012
210.9851038	0.001398796
211.0851282	0.00118943
211.1851526	0.000671054
211.285177	0.000408394
211.3852015	0.000253806
211.4852259	0.000570339
211.5852503	-0.000565752
211.6852747	-0.000285449
211.7852991	0.000215917
211.8853236	0.001267501
211.985348	-0.000555136
212.0853724	0.000265815
212.1853968	0.000703495
212.2854212	0.001581028
212.3854457	0.001863972
212.4854701	0.000988793
212.5854945	0.000574218
212.6855189	0.000458212
212.7855433	0.000494678
212.8855678	0.000498434
212.9855922	0.001121808
213.0856166	0.001162402
213.185641	0.000823824
213.2856654	0.000703977
213.3856899	0.00035485
213.4857143	0.001382539
213.5857387	0.001316561
213.6857631	0.002539084
213.7857875	0.001530854
213.885812	0.001173104
213.9858364	0.001320077
214.0858608	0.002183505
214.1858852	0.000598341
214.2859096	0.000667338
214.3859341	0.001316472
214.4859585	0.001340206
214.5859829	0.000840955
214.6860073	0.001194558
214.7860317	0.000959127
214.8860562	0.00137031
214.9860806	0.00212978
215.086105	0.001675127
215.1861294	0.000813014
215.2861538	0.001419798
215.3861783	0.000394283
215.4862027	0.000273247
215.5862271	5.86006E-05
215.6862515	0.000553767
215.7862759	0.000155782
215.8863004	-0.001066237
215.9863248	-0.000562582
216.0863492	0.000211335
216.1863736	-0.000464658
216.286398	4.5613E-05
216.3864225	0.000181023
216.4864469	0.001188326
216.5864713	0.000329594
216.6864957	-0.000145655
216.7865201	0.000511537
216.8865446	-0.000458244
216.986569	-0.001041723
217.0865934	-0.000837574
217.1866178	-0.000304699
217.2866422	0.000356807
217.3866667	0.000743951
217.4866911	0.000121462
217.5867155	-0.001135757
217.6867399	-0.001957026
217.7867643	-0.001300477
217.8867888	-0.001177017
217.9868132	-0.001302254
218.0868376	-0.001774662
218.186862	-0.00165732
218.2868864	-0.000664926
218.3869109	-3.18981E-05
218.4869353	-0.00016766
218.5869597	-0.000938785
218.6869841	-0.000301025
218.7870085	-0.000571404
218.887033	-0.000476819
218.9870574	-0.000636344
219.0870818	-0.001105428
219.1871062	0.000490688
219.2871306	0.000511549
219.3871551	-0.000462396
219.4871795	-8.41315E-05
219.5872039	-0.000654548
219.6872283	-0.000263716
219.7872527	-0.001170337
219.8872772	-0.00127019
219.9873016	-0.000497957
220.087326	-0.000214303
220.1873504	-0.000957566
220.2873748	-0.000195312
220.3873993	-0.000411891
220.4874237	0.000674281
220.5874481	0.000635677
220.6874725	0.000570274
220.7874969	-0.000790731
220.8875214	-0.000512122
220.9875458	0.000511715
221.0875702	0.001133074
221.1875946	0.000520494
221.287619	0.000444796
221.3876435	-1.91294E-05
221.4876679	-0.000440454
221.5876923	0.001169227
221.6877167	0.001479589
221.7877411	0.001213173
221.8877656	0.000717341
221.98779	0.000753907
222.0878144	-0.000622597
222.1878388	0.000714804
222.2878632	0.001650248
222.3878877	0.000742579
222.4879121	0.000218887
222.5879365	0.000924823
222.6879609	0.001482028
222.7879853	0.000550766
222.8880098	0.000961586
222.9880342	0.000533474
223.0880586	0.00081255
223.188083	0.000925621
223.2881074	0.000211597
223.3881319	-9.50973E-05
223.4881563	0.000176071
223.5881807	0.000209503
223.6882051	-0.000860509
223.7882295	-0.000266968
223.888254	-0.000692083
223.9882784	-0.000734857
224.0883028	-0.000611617
224.1883272	-0.00053824
224.2883516	5.79754E-05
224.3883761	5.76084E-05
224.4884005	0.000294276
224.5884249	0.000223166
224.6884493	0.000301739
224.7884737	-6.7289E-05
224.8884982	0.000249889
224.9885226	0.000881695
225.088547	0.000228263
225.1885714	7.22069E-06
225.2885958	-0.001284131
225.3886203	-0.001490084
225.4886447	-0.000738622
225.5886691	-0.000290192
225.6886935	-0.000894665
225.7887179	-0.000530382
225.8887424	-0.000599254
225.9887668	-0.000910629
226.0887912	-0.000753537
226.1888156	-0.000977697
226.28884	-0.000913146
226.3888645	-0.00152498
226.4888889	-0.001180815
226.5889133	-0.000857594
226.6889377	-0.000495919
226.7889621	-0.000489683
226.8889866	-0.00095952
226.989011	-0.001004263
227.0890354	-0.00169417
227.1890598	-0.001491085
227.2890842	-0.0022592
227.3891087	-0.001797546
227.4891331	3.90579E-05
227.5891575	-7.81211E-05
227.6891819	-0.000599754
227.7892063	-0.000811295
227.8892308	-0.001227782
227.9892552	-0.001116925
228.0892796	-0.000479244
228.189304	9.91069E-05
228.2893284	-0.000793408
228.3893529	-0.001039456
228.4893773	-0.000559134
228.5894017	-0.000530005
228.6894261	-0.001108492
228.7894505	-0.001269965
228.889475	-0.001054345
228.9894994	0.000552845
229.0895238	0.000136702
229.1895482	-8.933E-05
229.2895726	0.000893902
229.3895971	0.0002475
229.4896215	0.000192617
229.5896459	0.000361097
229.6896703	0.00030931
229.7896947	0.000974304
229.8897192	0.001094224
229.9897436	0.001007774
230.089768	0.000625407
230.1897924	-0.000320231
230.2898168	-0.000802302
230.3898413	-0.00055538
230.4898657	-0.000317079
230.5898901	-0.000484854
230.6899145	-0.000206845
230.7899389	-0.000798876
230.8899634	-0.000255347
230.9899878	0.000770717
231.0900122	0.000277229
231.1900366	0.000251635
231.2900611	-0.000764995
231.3900855	-0.00021412
231.4901099	-0.000705094
231.5901343	-0.000270158
231.6901587	-3.65021E-05
231.7901832	-2.05425E-05
231.8902076	0.00023901
231.990232	7.97638E-05
232.0902564	0.001010097
232.1902808	0.001005283
232.2903053	0.001138153
232.3903297	0.00068177
232.4903541	0.000884684
232.5903785	0.000965455
232.6904029	0.000410158
232.7904274	0.00122279
232.8904518	0.002027923
232.9904762	0.001233179
233.0905006	0.001229167
233.190525	0.001631503
233.2905495	8.82168E-05
233.3905739	-0.000371154
233.4905983	-0.000256644
233.5906227	-0.000348077
233.6906471	-0.000850634
233.7906716	0.000123378
233.890696	-0.000284282
233.9907204	-0.000517152
234.0907448	0.000277548
234.1907692	0.000450753
234.2907937	-0.000329906
234.3908181	-0.000229125
234.4908425	-0.001370398
234.5908669	-0.000458667
234.6908913	-0.000750419
234.7909158	-0.00127688
234.8909402	-0.000360062
234.9909646	-0.000857082
235.090989	-0.000981945
235.1910134	-0.000760216
235.2910379	-0.000298544
235.3910623	-0.000802628
235.4910867	-0.001003394
235.5911111	-0.000172702
235.6911355	0.00064575
235.79116	2.79964E-05
235.8911844	-0.001806127
235.9912088	-0.001272658
236.0912332	-0.001543784
236.1912576	-0.001273858
236.2912821	-0.002659465
236.3913065	-0.002565354
236.4913309	-0.001108821
236.5913553	0.000279628
236.6913797	0.000468331
236.7914042	0.000774158
236.8914286	0.001085925
236.991453	0.000651134
237.0914774	0.000755572
237.1915018	0.001904819
237.2915263	0.001930634
237.3915507	0.000829672
237.4915751	-0.000783007
237.5915995	-0.000623173
237.6916239	-0.000462716
237.7916484	0.000451662
237.8916728	0.001413095
237.9916972	0.002105882
238.0917216	0.001532723
238.191746	0.000964421
238.2917705	0.000880427
238.3917949	0.000875811
238.4918193	-0.000126223
238.5918437	0.001148893
238.6918681	0.000970606
238.7918926	0.000540528
238.891917	-0.00091297
238.9919414	-0.000291493
239.0919658	0.000465485
239.1919902	0.000838943
239.2920147	-0.000373342
239.3920391	-0.001139155
239.4920635	-0.001477771
239.5920879	-0.001022669
239.6921123	-0.000592956
239.7921368	0.000511819
239.8921612	-0.000788852
239.9921856	-0.001800797
240.09221	-0.001893748
240.1922344	-0.001437421
240.2922589	-0.001661978
240.3922833	-0.000922575
240.4923077	-0.000131566
240.5923321	-0.000422087
240.6923565	-0.000797454
240.792381	-0.001395402
240.8924054	-0.001258697
240.9924298	-0.000955351
241.0924542	-0.000508029
241.1924786	-0.000921114
241.2925031	-0.000175318
241.3925275	-0.000833858
241.4925519	-0.001207401
241.5925763	-0.001831034
241.6926007	-0.001939566
241.7926252	-0.000426143
241.8926496	-0.001150752
241.992674	-0.000501925
242.0926984	-0.001188241
242.1927228	-0.000825581
242.2927473	-0.000105779
242.3927717	-0.001330095
242.4927961	-0.002665129
242.5928205	-0.003154786
242.6928449	-0.002090721
242.7928694	-1.5674E-05
242.8928938	-0.001124796
242.9929182	-0.000906265
243.0929426	-0.001284935
243.192967	-0.002058723
243.2929915	-0.001071807
243.3930159	-0.000900733
243.4930403	-0.000825118
243.5930647	-9.65788E-05
243.6930891	-0.001288848
243.7931136	-0.001591618
243.893138	-0.001075939
243.9931624	-0.000533243
244.0931868	-0.000731057
244.1932112	-0.000423279
244.2932357	-0.000341023
244.3932601	-0.00066863
244.4932845	-0.000482218
244.5933089	-0.000447798
244.6933333	-0.000472715
244.7933578	0.000207738
244.8933822	0.000714067
244.9934066	0.000551966
245.093431	0.000710045
245.1934554	0.001683746
245.2934799	0.001366728
245.3935043	0.001040379
245.4935287	0.000481733
245.5935531	0.000665365
245.6935775	0.001212159
245.793602	0.001241052
245.8936264	0.000983522
245.9936508	0.000593137
246.0936752	0.002097395
246.1936996	0.00254591
246.2937241	0.001996223
246.3937485	0.002457509
246.4937729	0.001896467
246.5937973	0.001688054
246.6938217	0.001882606
246.7938462	0.002544138
246.8938706	0.002860738
246.993895	0.002505777
247.0939194	0.003050831
247.1939438	0.003237483
247.2939683	0.002170716
247.3939927	0.001680056
247.4940171	0.002559056
247.5940415	0.000783829
247.6940659	0.000680201
247.7940904	0.00089236
247.8941148	0.001790231
247.9941392	0.002117049
248.0941636	0.002432442
248.194188	0.001753402
248.2942125	0.002409817
248.3942369	0.002178984
248.4942613	0.000888679
248.5942857	0.001703563
248.6943101	0.000520923
248.7943346	0.000507735
248.894359	0.000240064
248.9943834	0.000981403
249.0944078	0.001376083
249.1944322	0.001680779
249.2944567	0.001275695
249.3944811	0.001250257
249.4945055	0.001282832
249.5945299	0.00069713
249.6945543	-0.000201162
249.7945788	0.000589464
249.8946032	0.001112933
249.9946276	0.000730371
250.094652	0.001126297
250.1946764	0.000600307
250.2947009	0.001221015
250.3947253	0.001811713
250.4947497	8.08828E-05
250.5947741	0.000736643
250.6947985	0.001432383
250.794823	0.000786432
250.8948474	0.000591354
250.9948718	0.000574572
251.0948962	0.00149057
251.1949206	0.001481651
251.2949451	0.001199758
251.3949695	0.001506735
251.4949939	0.001455773
251.5950183	0.001021647
251.6950427	5.85587E-05
251.7950672	0.000180785
251.8950916	0.0009296
251.995116	0.001699593
252.0951404	0.001821321
252.1951648	0.000802348
252.2951893	0.000599734
252.3952137	0.001435716
252.4952381	0.001156077
252.5952625	0.000601744
252.6952869	0.000760564
252.7953114	0.000535659
252.8953358	-0.000743387
252.9953602	-0.001003111
253.0953846	0.000836303
253.195409	0.001550239
253.2954335	0.000512195
253.3954579	-6.49967E-05
253.4954823	0.000251533
253.5955067	0.000223439
253.6955311	0.000988609
253.7955556	0.001176577
253.89558	0.001780096
253.9956044	0.002181509
254.0956288	0.001122858
254.1956532	0.000999167
254.2956777	0.000854769
254.3957021	0.000152857
254.4957265	0.0007713
254.5957509	0.000358737
254.6957753	0.00111643
254.7957998	0.002194627
254.8958242	0.002409882
254.9958486	0.002683171
255.095873	0.00205593
255.1958974	0.002334219
255.2959219	0.002918899
255.3959463	0.00092944
255.4959707	0.001657481
255.5959951	0.002256925
255.6960195	0.001829803
255.796044	0.001544804
255.8960684	0.00152461
255.9960928	0.001625676
256.0961172	0.000805984
256.1961416	0.00061245
256.2961661	0.000638774
256.3961905	0.000508521
256.4962149	0.001116955
256.5962393	0.000724293
256.6962637	0.00143583
256.7962882	0.001147178
256.8963126	0.001018811
256.996337	0.001275934
257.0963614	0.000991495
257.1963858	0.001836753
257.2964103	0.00162281
257.3964347	0.00105904
257.4964591	0.000342517
257.5964835	0.000281534
257.6965079	0.000445578
257.7965324	0.000564665
257.8965568	0.000165463
257.9965812	-4.08718E-05
258.0966056	0.000371553
258.19663	-0.000752862
258.2966545	-0.001154368
258.3966789	-0.00031366
258.4967033	-0.000279005
258.5967277	6.50053E-05
258.6967521	0.000190397
258.7967766	-0.00011546
258.896801	-0.000626561
258.9968254	0.000152064
259.0968498	-2.99252E-05
259.1968742	0.000761518
259.2968987	0.00056277
259.3969231	-7.49275E-05
259.4969475	0.00031323
259.5969719	0.000757347
259.6969963	0.000787852
259.7970208	0.000240462
259.8970452	-0.000742953
259.9970696	0.00044144
260.097094	0.000609348
260.1971184	0.000736662
260.2971429	0.000284062
260.3971673	-0.000328813
260.4971917	-0.000612625
260.5972161	-0.001254477
260.6972405	0.000308584
260.797265	-0.000632515
260.8972894	-0.000987694
260.9973138	-0.000542753
261.0973382	-0.000567126
261.1973626	-0.000279771
261.2973871	0.000328052
261.3974115	-1.12772E-05
261.4974359	-0.000482029
261.5974603	-1.39156E-05
261.6974847	-0.000531457
261.7975092	-0.000533383
261.8975336	-0.00013206
261.997558	0.000889217
262.0975824	0.000686702
262.1976068	-0.000113541
262.2976313	0.001248784
262.3976557	0.001596913
262.4976801	0.000129428
262.5977045	-9.89924E-05
262.6977289	-0.000996624
262.7977534	-0.000733347
262.8977778	-0.000691357
262.9978022	-0.000183716
263.0978266	-0.000325288
263.197851	-0.000652673
263.2978755	-0.001669624
263.3978999	-0.001424774
263.4979243	-0.000807244
263.5979487	-0.001789837
263.6979731	-0.000795389
263.7979976	-0.000899073
263.898022	0.000269921
263.9980464	0.000511369
264.0980708	0.000253535
264.1980952	7.79442E-05
264.2981197	0.000375334
264.3981441	0.001469164
264.4981685	0.001051983
264.5981929	0.001107229
264.6982173	0.000115859
264.7982418	-0.000314117
264.8982662	-0.000900065
264.9982906	-0.00045665
265.098315	8.33143E-05
265.1983394	-0.000850532
265.2983639	-0.000810748
265.3983883	0.000114471
265.4984127	-0.000694138
265.5984371	-0.001404216
265.6984615	-0.001417659
265.798486	-0.000508948
265.8985104	-0.000134385
265.9985348	-0.001389965
266.0985592	-0.001202852
266.1985836	-0.000873635
266.2986081	-0.001048977
266.3986325	-0.001423974
266.4986569	-0.00135857
266.5986813	-0.001786124
266.6987057	-0.001535046
266.7987302	-0.000535651
266.8987546	-0.000275768
266.998779	-0.001190638
267.0988034	-0.00100378
267.1988278	-0.000504967
267.2988523	-8.04701E-05
267.3988767	-0.00025006
267.4989011	-0.000308154
267.5989255	-0.000918861
267.6989499	-0.001522093
267.7989744	-0.001730821
267.8989988	-0.00174814
267.9990232	-0.001806602
268.0990476	-0.001732393
268.199072	-0.001286735
268.2990965	-0.000671335
268.3991209	-0.000831777
268.4991453	-0.001812902
268.5991697	-0.002159578
268.6991941	-0.00120509
268.7992186	-0.001399073
268.899243	-0.001939054
268.9992674	-0.001165441
269.0992918	-0.000967356
269.1993162	-0.001711482
269.2993407	-0.002380581
269.3993651	-0.002529511
269.4993895	-0.001911669
269.5994139	-0.001680094
269.6994383	-0.00035166
269.7994628	-0.000581523
269.8994872	-0.001768797
269.9995116	0.00034409
270.099536	0.000120277
270.1995604	0.000759641
270.2995849	0.000262658
270.3996093	0.000319483
270.4996337	0.000539045
270.5996581	0.000989636
270.6996825	-0.000109507
270.799707	-0.000868831
270.8997314	2.09838E-05
270.9997558	0.000723486
271.0997802	0.000697385
271.1998046	0.000643452
271.2998291	0.001118292
271.3998535	0.000152296
271.4998779	-0.000113592
271.5999023	0.000340721
271.6999267	0.000527153
271.7999512	0.000467011
271.8999756	0.000187273
272	0.000207363
272.1000244	0.001487069
272.2000488	0.001579488
272.3000733	0.002715758
272.4000977	0.002395411
272.5001221	0.001454855
272.6001465	0.001417872
272.7001709	0.001500824
272.8001954	0.001848597
272.9002198	0.001611056
273.0002442	0.002239457
273.1002686	0.001181247
273.200293	0.000507549
273.3003175	0.000142582
273.4003419	0.000689367
273.5003663	0.001508532
273.6003907	0.002504171
273.7004151	0.001055019
273.8004396	-0.000106399
273.900464	-8.97461E-05
274.0004884	1.81452E-05
274.1005128	-0.001061414
274.2005372	-0.001657691
274.3005617	-0.001472728
274.4005861	-0.001262203
274.5006105	-0.00181458
274.6006349	-0.001358016
274.7006593	-0.001408279
274.8006838	-0.001132951
274.9007082	-0.00020426
275.0007326	0.000757763
275.100757	0.000846544
275.2007814	0.001011066
275.3008059	-0.000678764
275.4008303	-0.001110436
275.5008547	-0.002061987
275.6008791	-0.001985627
275.7009035	-0.000692489
275.800928	-0.000421002
275.9009524	-5.27006E-05
276.0009768	-0.001669142
276.1010012	-0.001315833
276.2010256	-0.001587308
276.3010501	-0.001964544
276.4010745	-0.001140885
276.5010989	-0.00230658
276.6011233	-0.001814166
276.7011477	-0.002575127
276.8011722	-0.002198003
276.9011966	-0.002030168
277.001221	-0.002762691
277.1012454	-0.003220936
277.2012698	-0.002293769
277.3012943	-0.001871276
277.4013187	-0.001497626
277.5013431	-0.001364956
277.6013675	-0.001321201
277.7013919	-0.001714837
277.8014164	-0.002397578
277.9014408	-0.002799962
278.0014652	-0.00209116
278.1014896	-0.00087194
278.201514	-0.000484482
278.3015385	-0.001792119
278.4015629	-0.002491351
278.5015873	-0.002507331
278.6016117	-0.002549088
278.7016361	-0.001305818
278.8016606	-0.001956961
278.901685	-0.002013694
279.0017094	-0.001371355
279.1017338	-0.001944248
279.2017582	-0.002330127
279.3017827	-0.000772664
279.4018071	-0.001596161
279.5018315	-0.001428611
279.6018559	-0.001249037
279.7018803	-0.000398459
279.8019048	-0.00167246
279.9019292	-0.001621313
280.0019536	-0.000600548
280.101978	-0.000305803
280.2020024	-0.000472647
280.3020269	-0.001089659
280.4020513	-0.001090878
280.5020757	-0.000744036
280.6021001	-0.000427999
280.7021245	-0.000439738
280.802149	-0.001469028
280.9021734	-0.00118626
281.0021978	-0.00130467
281.1022222	-0.001664281
281.2022466	-0.001301173
281.3022711	-0.000628222
281.4022955	-0.000840286
281.5023199	-0.001106939
281.6023443	-0.00187955
281.7023687	-0.002767508
281.8023932	-0.003441643
281.9024176	-0.003486724
282.002442	-0.002803515
282.1024664	-0.002883077
282.2024908	-0.003407694
282.3025153	-0.003595897
282.4025397	-0.003440147
282.5025641	-0.002979225
282.6025885	-0.002625429
282.7026129	-0.002835138
282.8026374	-0.002712264
282.9026618	-0.002757963
283.0026862	-0.00311514
283.1027106	-0.002730005
283.202735	-0.004080794
283.3027595	-0.005104203
283.4027839	-0.004391708
283.5028083	-0.004390642
283.6028327	-0.004472263
283.7028571	-0.004249426
283.8028816	-0.004660762
283.902906	-0.005270341
284.0029304	-0.004959851
284.1029548	-0.004305268
284.2029792	-0.003512106
284.3030037	-0.00403679
284.4030281	-0.004399789
284.5030525	-0.004953142
284.6030769	-0.004192288
284.7031013	-0.00326302
284.8031258	-0.002642127
284.9031502	-0.003552556
285.0031746	-0.00435534
285.103199	-0.004566576
285.2032234	-0.00350207
285.3032479	-0.002822715
285.4032723	-0.003380007
285.5032967	-0.00284384
285.6033211	-0.003835826
285.7033455	-0.004623292
285.80337	-0.00554979
285.9033944	-0.005686834
286.0034188	-0.0052428
286.1034432	-0.005375499
286.2034676	-0.005651301
286.3034921	-0.004019348
286.4035165	-0.003997915
286.5035409	-0.003080242
286.6035653	-0.002539802
286.7035897	-0.001583358
286.8036142	-0.001375885
286.9036386	-0.000303569
287.003663	-0.001028243
287.1036874	-0.001079796
287.2037118	-0.000781717
287.3037363	-0.000910477
287.4037607	-0.001799691
287.5037851	-0.002427088
287.6038095	-0.002780585
287.7038339	-0.003029387
287.8038584	-0.001902074
287.9038828	-0.001433022
288.0039072	-0.00151715
288.1039316	-0.002430699
288.203956	-0.002460873
288.3039805	-0.000931013
288.4040049	-0.001614864
288.5040293	-0.001515087
288.6040537	-0.001347744
288.7040781	-0.001414924
288.8041026	-0.001903827
288.904127	-0.001278544
289.0041514	-0.000776358
289.1041758	-0.000788021
289.2042002	-0.001373393
289.3042247	-0.001732451
289.4042491	-0.001778824
289.5042735	-0.000647863
289.6042979	-0.001974529
289.7043223	-0.001785867
289.8043468	-0.001876151
289.9043712	-0.001435337
290.0043956	-0.001243166
290.10442	-0.002892634
290.2044444	-0.002422436
290.3044689	-0.002795296
290.4044933	-0.002371806
290.5045177	-0.000644415
290.6045421	-9.74892E-05
290.7045665	-0.000389793
290.804591	-0.001127842
290.9046154	-0.001595992
291.0046398	-0.001504543
291.1046642	-0.001681594
291.2046886	-0.00111935
291.3047131	-0.001236254
291.4047375	-0.001645034
291.5047619	-0.001626598
291.6047863	-0.002188367
291.7048107	-0.002670861
291.8048352	-0.002301455
291.9048596	-0.001183932
292.004884	-0.000937678
292.1049084	-0.00225794
292.2049328	-0.002303963
292.3049573	-0.002631656
292.4049817	-0.002303188
292.5050061	-0.002182572
292.6050305	-0.001312553
292.7050549	-0.001352628
292.8050794	-0.003394957
292.9051038	-0.00309655
293.0051282	-0.002380024
293.1051526	-0.001372761
293.205177	-0.002140162
293.3052015	-0.002379233
293.4052259	-0.00221059
293.5052503	-0.001623276
293.6052747	-0.002326351
293.7052991	-0.003234253
293.8053236	-0.002491084
293.905348	-0.002936341
294.0053724	-0.002998696
294.1053968	-0.002555746
294.2054212	-0.001730203
294.3054457	-0.002840653
294.4054701	-0.001101052
294.5054945	-0.000660267
294.6055189	-0.001509318
294.7055433	-0.002003913
294.8055678	-0.001254775
294.9055922	-0.001356279
295.0056166	-0.001924307
295.105641	-0.002281059
295.2056654	-0.002313705
295.3056899	-0.002233606
295.4057143	-0.000462755
295.5057387	-0.000889778
295.6057631	-0.000999531
295.7057875	-0.001021819
295.805812	-0.000194535
295.9058364	-0.000192666
296.0058608	-0.000814071
296.1058852	-0.001274819
296.2059096	2.19611E-05
296.3059341	-0.000267032
296.4059585	-0.001311085
296.5059829	0.000479076
296.6060073	0.001089585
296.7060317	0.000645832
296.8060562	0.000396632
296.9060806	-0.00043957
297.006105	-0.000284567
297.1061294	-0.001198219
297.2061538	-0.001308712
297.3061783	-0.000757548
297.4062027	-0.001241428
297.5062271	-0.001663739
297.6062515	-0.001882836
297.7062759	-0.002686931
297.8063004	-0.002568715
297.9063248	-0.001657051
298.0063492	-0.002411354
298.1063736	-0.000996597
298.206398	-0.000781495
298.3064225	-0.001103519
298.4064469	-0.001348894
298.5064713	-0.000294934
298.6064957	-0.00151189
298.7065201	-0.000988354
298.8065446	-0.000730382
298.906569	-0.000542466
299.0065934	-0.000145886
299.1066178	-0.000368913
299.2066422	0.000476249
299.3066667	-0.000289898
299.4066911	-0.000445651
299.5067155	-0.000231492
299.6067399	-0.001002861
299.7067643	-0.000887234
299.8067888	-0.000533372
299.9068132	-0.000888691
300.0068376	-0.00032047
300.106862	0.000968453
300.2068864	0.000822404
300.3069109	0.00046245
300.4069353	-0.00081165
300.5069597	0.000390929
300.6069841	-0.000159149
300.7070085	-0.000118892
300.807033	-2.34324E-05
300.9070574	0.000523473
301.0070818	0.000539765
301.1071062	0.000104637
301.2071306	0.000848231
301.3071551	0.000571714
301.4071795	0.001377726
301.5072039	0.002419149
301.6072283	0.000823717
301.7072527	0.001164039
301.8072772	0.000488204
301.9073016	0.000408734
302.007326	-5.75099E-05
302.1073504	-0.000671722
302.2073748	-0.000308435
302.3073993	0.000387222
302.4074237	0.000836873
302.5074481	0.002587014
302.6074725	0.001724744
302.7074969	0.002408666
302.8075214	0.002944109
302.9075458	0.002859427
303.0075702	0.002635484
303.1075946	0.002018501
303.207619	0.001212761
303.3076435	0.000309247
303.4076679	0.00126008
303.5076923	0.001098258
303.6077167	0.002358201
303.7077411	0.001467847
303.8077656	0.002092623
303.90779	0.001733037
304.0078144	0.001757135
304.1078388	0.0014483
304.2078632	0.001311864
304.3078877	0.00252635
304.4079121	0.002021946
304.5079365	0.001921678
304.6079609	0.002120967
304.7079853	0.001861798
304.8080098	0.002806412
304.9080342	0.002596055
305.0080586	0.001382681
305.108083	0.00074952
305.2081074	-0.000281998
305.3081319	0.000334849
305.4081563	0.000244659
305.5081807	0.000900761
305.6082051	0.00043351
305.7082295	5.13845E-05
305.808254	-0.000482021
305.9082784	0.000175341
306.0083028	0.00141593
306.1083272	0.001565891
306.2083516	0.00150466
306.3083761	0.001404387
306.4084005	0.000200275
306.5084249	0.000469498
306.6084493	-0.00035436
306.7084737	6.65703E-05
306.8084982	-0.000581293
306.9085226	-0.000189856
307.008547	0.000182288
307.1085714	-0.000720175
307.2085958	-0.000354293
307.3086203	-0.000286937
307.4086447	0.000261954
307.5086691	-0.000605644
307.6086935	-0.001319985
307.7087179	-0.002108922
307.8087424	-0.002833108
307.9087668	-0.001641695
308.0087912	-0.002223758
308.1088156	-0.002129693
308.20884	-0.001384244
308.3088645	-0.001210991
308.4088889	-0.001287317
308.5089133	-0.001842238
308.6089377	-0.001670288
308.7089621	-0.001217766
308.8089866	-4.70806E-05
308.909011	-0.000182145
309.0090354	8.71893E-05
309.1090598	0.000604841
309.2090842	-0.000307457
309.3091087	-0.000841356
309.4091331	3.92648E-05
309.5091575	-0.000164209
309.6091819	-1.20456E-05
309.7092063	-0.000961594
309.8092308	-0.00095721
309.9092552	-0.00099861
310.0092796	-0.000339112
310.109304	-0.000550923
310.2093284	-0.000108618
310.3093529	0.000769912
310.4093773	0.000573534
310.5094017	0.000858654
310.6094261	0.001265849
310.7094505	0.001237862
310.809475	0.001611858
310.9094994	0.000801054
311.0095238	-0.000477578
311.1095482	8.05824E-05
311.2095726	0.000785121
311.3095971	0.002210826
311.4096215	0.002815152
311.5096459	0.002143888
311.6096703	0.001803628
311.7096947	0.002664992
311.8097192	0.001960485
311.9097436	0.001790294
312.009768	0.002347826
312.1097924	0.002392239
312.2098168	0.001396333
312.3098413	0.001807524
312.4098657	0.002862167
312.5098901	0.001778897
312.6099145	0.001227766
312.7099389	0.001011854
312.8099634	0.000321292
312.9099878	0.000153466
313.0100122	0.000824684
313.1100366	0.002075084
313.2100611	0.001797608
313.3100855	0.002704972
313.4101099	0.003408918
313.5101343	0.002661204
313.6101587	0.002541845
313.7101832	0.002266111
313.8102076	0.001620494
313.910232	0.001935128
314.0102564	0.002599444
314.1102808	0.002902745
314.2103053	0.002260513
314.3103297	0.001232426
314.4103541	0.002262153
314.5103785	0.00243247
314.6104029	0.002060051
314.7104274	0.001614683
314.8104518	0.001500668
314.9104762	0.001475322
315.0105006	0.000711262
315.110525	0.000178355
315.2105495	0.000763105
315.3105739	0.001166969
315.4105983	0.001237147
315.5106227	0.001068347
315.6106471	0.000570856
315.7106716	0.000597367
315.810696	0.001086058
315.9107204	0.001126192
316.0107448	0.000804695
316.1107692	-0.000259165
316.2107937	-0.001149631
316.3108181	0.0005216
316.4108425	-0.001135839
316.5108669	-0.000972988
316.6108913	-0.000192242
316.7109158	0.000661888
316.8109402	0.000585485
316.9109646	0.001209745
317.010989	0.00028409
317.1110134	-0.000126549
317.2110379	-0.000268591
317.3110623	0.000110252
317.4110867	-0.000853908
317.5111111	-0.000711294
317.6111355	-0.001097614
317.71116	-0.001040396
317.8111844	-0.000616813
317.9112088	-0.000759685
318.0112332	-0.002399384
318.1112576	-0.001510528
318.2112821	-0.001749873
318.3113065	-0.000396404
318.4113309	-0.000290406
318.5113553	-0.000105144
318.6113797	-0.000877848
318.7114042	-0.001518718
318.8114286	-0.000741994
318.911453	-0.000359374
319.0114774	0.000560273
319.1115018	-2.25893E-05
319.2115263	-7.91426E-05
319.3115507	-0.000399107
319.4115751	-0.00046835
319.5115995	-0.000499977
319.6116239	-0.000488705
319.7116484	-7.1694E-05
319.8116728	9.62562E-05
319.9116972	0.000429722
320.0117216	2.92922E-06
320.111746	-0.000542142
320.2117705	-0.000908608
320.3117949	-9.93732E-07
320.4118193	0.000316616
320.5118437	0.000437605
320.6118681	0.000517516
320.7118926	-3.04487E-06
320.811917	0.000159057
320.9119414	0.000581637
321.0119658	0.001033368
321.1119902	0.000637242
321.2120147	0.001023911
321.3120391	0.00121372
321.4120635	0.000956105
321.5120879	0.001497083
321.6121123	0.001250352
321.7121368	0.000400583
321.8121612	0.001820498
321.9121856	0.001872335
322.01221	0.001060622
322.1122344	0.00167438
322.2122589	0.001465648
322.3122833	0.001814311
322.4123077	0.000880294
322.5123321	0.001328554
322.6123565	0.001835522
322.712381	0.001704824
322.8124054	0.001091292
322.9124298	0.001503919
323.0124542	0.000981979
323.1124786	0.000647211
323.2125031	0.001322934
323.3125275	0.000968116
323.4125519	0.000997605
323.5125763	0.001274772
323.6126007	0.001816649
323.7126252	0.001086622
323.8126496	0.001890158
323.912674	0.00202924
324.0126984	0.002066313
324.1127228	0.00112428
324.2127473	0.001901492
324.3127717	0.001978505
324.4127961	0.000573037
324.5128205	0.000101964
324.6128449	-0.000122056
324.7128694	0.000851605
324.8128938	0.001688273
324.9129182	0.001706101
325.0129426	0.001698783
325.112967	0.00223422
325.2129915	0.00231477
325.3130159	0.001941903
325.4130403	0.000947417
325.5130647	0.000488541
325.6130891	0.000357742
325.7131136	0.001957633
325.813138	0.003025542
325.9131624	0.003521732
326.0131868	0.002597689
326.1132112	0.002840512
326.2132357	0.001212258
326.3132601	0.00143599
326.4132845	0.000450186
326.5133089	0.000284988
326.6133333	0.000897089
326.7133578	0.001236422
326.8133822	0.00220491
326.9134066	0.000416126
327.013431	0.000720611
327.1134554	0.001390383
327.2134799	0.001818648
327.3135043	0.00143591
327.4135287	0.001544069
327.5135531	0.003425334
327.6135775	0.003916431
327.713602	0.003088317
327.8136264	0.003187392
327.9136508	0.003404903
328.0136752	0.004626188
328.1136996	0.00364509
328.2137241	0.002995707
328.3137485	0.003021279
328.4137729	0.003288636
328.5137973	0.003577996
328.6138217	0.003216917
328.7138462	0.00282642
328.8138706	0.002834892
328.913895	0.002635932
329.0139194	0.002660175
329.1139438	0.001797013
329.2139683	0.002335406
329.3139927	0.002158157
329.4140171	0.003986612
329.5140415	0.003175128
329.6140659	0.003313297
329.7140904	0.002431181
329.8141148	0.004141286
329.9141392	0.004674316
330.0141636	0.003452266
330.114188	0.003119931
330.2142125	0.003075129
330.3142369	0.002681266
330.4142613	0.002592743
330.5142857	0.001953723
330.6143101	0.001875124
330.7143346	0.002340005
330.814359	0.002464545
330.9143834	0.002993121
331.0144078	0.002579061
331.1144322	0.00152451
331.2144567	0.000999305
331.3144811	0.002102764
331.4145055	0.001316454
331.5145299	-0.000269844
331.6145543	0.000274101
331.7145788	0.000857067
331.8146032	0.0013572
331.9146276	0.002399433
332.014652	0.001975484
332.1146764	0.00095885
332.2147009	0.00029115
332.3147253	-0.000402377
332.4147497	0.001260947
332.5147741	0.002684887
332.6147985	0.0025054
332.714823	0.001845632
332.8148474	0.001886745
332.9148718	0.001567336
333.0148962	0.001221187
333.1149206	0.001310555
333.2149451	7.46411E-05
333.3149695	0.00049036
333.4149939	0.001038232
333.5150183	0.000771551
333.6150427	0.000968669
333.7150672	0.000705939
333.8150916	3.57365E-06
333.915116	-0.0002274
334.0151404	0.000505273
334.1151648	0.001353233
334.2151893	0.001008175
334.3152137	0.001625766
334.4152381	0.00122885
334.5152625	0.000583816
334.6152869	0.000153256
334.7153114	-0.000448841
334.8153358	-0.000610882
334.9153602	6.32474E-05
335.0153846	3.70837E-06
335.115409	0.001186111
335.2154335	0.001435421
335.3154579	0.000397867
335.4154823	0.00158358
335.5155067	0.00125135
335.6155311	0.000751364
335.7155556	-0.000574199
335.81558	-0.000268251
335.9156044	-0.000473315
336.0156288	0.000803145
336.1156532	0.000935345
336.2156777	0.00172259
336.3157021	0.002046273
336.4157265	0.00180941
336.5157509	0.00135491
336.6157753	0.002146619
336.7157998	0.002568805
336.8158242	0.002585434
336.9158486	0.00283207
337.015873	0.003602435
337.1158974	0.003738867
337.2159219	0.003895307
337.3159463	0.003748064
337.4159707	0.003633771
337.5159951	0.003400625
337.6160195	0.00284915
337.716044	0.002164367
337.8160684	0.002146326
337.9160928	0.001780339
338.0161172	0.002006128
338.1161416	0.002257779
338.2161661	0.002327577
338.3161905	0.003298846
338.4162149	0.004428901
338.5162393	0.004971515
338.6162637	0.005549435
338.7162882	0.004926878
338.8163126	0.004319631
338.916337	0.003747151
339.0163614	0.003327894
339.1163858	0.003642496
339.2164103	0.003921976
339.3164347	0.004297138
339.4164591	0.003818173
339.5164835	0.003280301
339.6165079	0.002755602
339.7165324	0.004003292
339.8165568	0.004710735
339.9165812	0.00406367
340.0166056	0.003610172
340.11663	0.00300845
340.2166545	0.003228354
340.3166789	0.002819331
340.4167033	0.002110057
340.5167277	0.001824051
340.6167521	0.001518949
340.7167766	0.001396062
340.816801	0.002323341
340.9168254	0.002217617
341.0168498	0.00218942
341.1168742	0.002256977
341.2168987	0.001638808
341.3169231	0.000962622
341.4169475	-0.000727768
341.5169719	0.000508984
341.6169963	0.001678254
341.7170208	0.001519953
341.8170452	0.000810134
341.9170696	-0.000359586
342.017094	0.000184158
342.1171184	0.000194674
342.2171429	-8.53846E-05
342.3171673	-0.000166513
342.4171917	-0.001821955
342.5172161	-0.002164276
342.6172405	-0.001095246
342.717265	-0.000784137
342.8172894	0.00079561
342.9173138	0.001218035
343.0173382	0.001187118
343.1173626	0.001245254
343.2173871	-0.000578316
343.3174115	-0.000730615
343.4174359	-0.000906654
343.5174603	-0.000206477
343.6174847	-0.00111695
343.7175092	-0.000730054
343.8175336	-0.001158878
343.917558	-0.001477078
344.0175824	-0.002080068
344.1176068	-0.001411207
344.2176313	-0.001645043
344.3176557	-0.001908059
344.4176801	-0.001591233
344.5177045	-0.001581848
344.6177289	-0.001030327
344.7177534	-0.001045693
344.8177778	-0.000807852
344.9178022	-0.002131478
345.0178266	-0.001325632
345.117851	-0.000454027
345.2178755	4.98377E-05
345.3178999	0.000353264
345.4179243	-1.19087E-05
345.5179487	-0.00049562
345.6179731	-0.000649627
345.7179976	-0.001614413
345.818022	-0.001065748
345.9180464	-0.001286252
346.0180708	-0.000986153
346.1180952	-0.000724307
346.2181197	-0.000954949
346.3181441	-0.000800677
346.4181685	-0.000464336
346.5181929	-0.00034246
346.6182173	-0.000403326
346.7182418	0.00025638
346.8182662	0.000346782
346.9182906	-0.000452022
347.018315	0.000429206
347.1183394	0.001025326
347.2183639	-0.000685581
347.3183883	8.25382E-05
347.4184127	0.00034548
347.5184371	0.000690809
347.6184615	0.000228428
347.718486	0.000466606
347.8185104	-0.000179909
347.9185348	-0.000301824
348.0185592	-0.000685647
348.1185836	-0.000746938
348.2186081	-0.000726956
348.3186325	-0.000529011
348.4186569	-0.000457921
348.5186813	0.00026045
348.6187057	0.000978814
348.7187302	0.001658182
348.8187546	0.00074343
348.918779	-0.000468199
349.0188034	-0.000114869
349.1188278	0.00059474
349.2188523	0.001215026
349.3188767	0.000880212
349.4189011	-0.000173395
349.5189255	0.001534367
349.6189499	0.00213037
349.7189744	0.000970305
349.8189988	0.001891749
349.9190232	0.002828815
350.0190476	0.000552039
350.119072	0.00020782
350.2190965	-0.000648349
350.3191209	-0.000144026
350.4191453	0.001235813
350.5191697	0.001963997
350.6191941	0.001386278
350.7192186	0.00191045
350.819243	0.002400045
350.9192674	0.001891062
351.0192918	0.00207507
351.1193162	0.002302726
351.2193407	0.001493615
351.3193651	0.001072462
351.4193895	-0.000301984
351.5194139	-0.000396101
351.6194383	0.000345573
351.7194628	0.002254741
351.8194872	0.001883421
351.9195116	0.002401259
352.019536	0.003273203
352.1195604	0.001770224
352.2195849	0.002276136
352.3196093	0.001701352
352.4196337	0.002846723
352.5196581	0.002511486
352.6196825	0.002455598
352.719707	0.001809533
352.8197314	0.002550162
352.9197558	0.003169655
353.0197802	0.003540208
353.1198046	0.003116228
353.2198291	0.002991564
353.3198535	0.001346961
353.4198779	0.001892476
353.5199023	0.001642588
353.6199267	0.000634342
353.7199512	0.002597006
353.8199756	0.002631348
353.92	0.002585743
354.0200244	0.002515963
354.1200488	0.00282728
354.2200733	0.002531058
354.3200977	0.001358082
354.4201221	0.000453454
354.5201465	0.001723808
354.6201709	0.00095413
354.7201954	0.000842291
354.8202198	0.002465856
354.9202442	0.002412757
355.0202686	0.001681594
355.120293	0.000993319
355.2203175	0.001182811
355.3203419	0.000752848
355.4203663	0.000958654
355.5203907	0.001663593
355.6204151	0.001650853
355.7204396	0.001615329
355.820464	0.002232584
355.9204884	0.001806351
356.0205128	0.002222929
356.1205372	0.002539608
356.2205617	0.002253233
356.3205861	0.001360324
356.4206105	0.000591162
356.5206349	0.000799905
356.6206593	0.001122043
356.7206838	0.001626205
356.8207082	0.001324174
356.9207326	0.001469043
357.020757	0.0025795
357.1207814	0.001429394
357.2208059	0.001320341
357.3208303	0.000228562
357.4208547	0.000445889
357.5208791	0.001022867
357.6209035	0.000789137
357.720928	0.000119602
357.8209524	0.000322196
357.9209768	0.001686424
358.0210012	0.001422691
358.1210256	0.001541356
358.2210501	0.001473062
358.3210745	0.002387927
358.4210989	0.002843205
358.5211233	0.002317105
358.6211477	0.001359349
358.7211722	0.000537466
358.8211966	0.000272866
358.921221	0.001315742
359.0212454	0.000854339
359.1212698	0.000747874
359.2212943	0.000963642
359.3213187	0.000427417
359.4213431	-0.000322825
359.5213675	-0.000462882
359.6213919	4.34455E-05
359.7214164	0.000379195
359.8214408	-0.000206445
359.9214652	0.000632518
360.0214896	0.001317776
360.121514	0.001997294
360.2215385	0.002133069
360.3215629	0.002766957
360.4215873	0.002912446
360.5216117	0.002726582
360.6216361	0.002998344
360.7216606	0.00301386
360.821685	0.002057061
360.9217094	0.001409256
361.0217338	0.000820512
361.1217582	0.000711103
361.2217827	-0.000103047
361.3218071	-1.29569E-05
361.4218315	0.001516342
361.5218559	0.000712365
361.6218803	0.001374592
361.7219048	0.00223158
361.8219292	0.002120922
361.9219536	0.001808321
362.021978	0.000194193
362.1220024	-9.71759E-05
362.2220269	0.000875044
362.3220513	0.001092283
362.4220757	-0.000182476
362.5221001	0.000702503
362.6221245	0.000391984
362.722149	-0.000264368
362.8221734	0.000802874
362.9221978	0.001039022
363.0222222	0.000954175
363.1222466	0.000547904
363.2222711	0.000348994
363.3222955	0.000213785
363.4223199	0.000464075
363.5223443	0.001328543
363.6223687	0.002238722
363.7223932	0.002822599
363.8224176	0.002627488
363.922442	0.002525917
364.0224664	0.001030023
364.1224908	0.000207448
364.2225153	0.00027521
364.3225397	0.00148592
364.4225641	0.001295955
364.5225885	0.001027901
364.6226129	0.00093888
364.7226374	0.000675931
364.8226618	0.001523278
364.9226862	0.001138819
365.0227106	-0.000296129
365.122735	0.000224912
365.2227595	0.001287221
365.3227839	0.000603899
365.4228083	0.001135017
365.5228327	0.001955484
365.6228571	0.002191471
365.7228816	0.002635867
365.822906	0.001714922
365.9229304	0.001550957
366.0229548	0.00165483
366.1229792	0.001263757
366.2230037	0.001713015
366.3230281	0.00168447
366.4230525	0.001157508
366.5230769	-1.15575E-06
366.6231013	0.000136279
366.7231258	-0.000144807
366.8231502	0.000355954
366.9231746	0.001387883
367.023199	0.000549788
367.1232234	0.000743406
367.2232479	0.000222209
367.3232723	0.000809765
367.4232967	0.001247185
367.5233211	0.001963265
367.6233455	0.001505613
367.72337	0.001734266
367.8233944	0.0025252
367.9234188	0.002329316
368.0234432	0.000488809
368.1234676	-8.32604E-07
368.2234921	0.000139842
368.3235165	4.6572E-05
368.4235409	-0.000505763
368.5235653	-0.000314954
368.6235897	0.001806053
368.7236142	0.001208484
368.8236386	0.000698711
368.923663	0.000311062
369.0236874	6.30387E-05
369.1237118	0.000175524
369.2237363	0.000722779
369.3237607	0.000937108
369.4237851	0.001800821
369.5238095	0.001098073
369.6238339	0.000595757
369.7238584	0.001205422
369.8238828	0.000889135
369.9239072	0.000185558
370.0239316	-0.000367379
370.123956	-0.000686804
370.2239805	0.001717895
370.3240049	0.001871332
370.4240293	0.00081163
370.5240537	0.001371497
370.6240781	0.002030644
370.7241026	0.001249319
370.824127	0.000579544
370.9241514	0.000197587
371.0241758	0.000217029
371.1242002	0.000668765
371.2242247	0.000412576
371.3242491	0.000422514
371.4242735	0.00158929
371.5242979	0.00236152
371.6243223	0.00104795
371.7243468	0.001063208
371.8243712	0.001929156
371.9243956	0.002188074
372.02442	0.00228405
372.1244444	0.001552987
372.2244689	0.002149526
372.3244933	0.002779099
372.4245177	0.002099903
372.5245421	0.001233417
372.6245665	0.00159489
372.724591	0.001953699
372.8246154	0.001255042
372.9246398	0.002028915
373.0246642	0.002392627
373.1246886	0.003249697
373.2247131	0.00293962
373.3247375	0.00228337
373.4247619	0.001116719
373.5247863	0.000591139
373.6248107	0.001103123
373.7248352	0.000739479
373.8248596	0.001133598
373.924884	0.001750751
374.0249084	0.002582765
374.1249328	0.003557859
374.2249573	0.001641881
374.3249817	0.00209157
374.4250061	0.001255458
374.5250305	0.002243517
374.6250549	0.001717997
374.7250794	0.001124037
374.8251038	0.000484021
374.9251282	0.000422146
375.0251526	0.000156306
375.125177	0.000794831
375.2252015	0.000722556
375.3252259	-0.000288222
375.4252503	0.000270304
375.5252747	0.001675273
375.6252991	0.001293702
375.7253236	0.001004222
375.825348	0.001461958
375.9253724	0.001054832
376.0253968	0.001406709
376.1254212	0.001204634
376.2254457	0.000811648
376.3254701	0.000556674
376.4254945	-0.00024821
376.5255189	-6.22727E-06
376.6255433	4.74226E-05
376.7255678	0.002148023
376.8255922	0.001263771
376.9256166	0.000528621
377.025641	0.000971767
377.1256654	-0.000279087
377.2256899	-5.04628E-05
377.3257143	-3.74391E-05
377.4257387	-0.00056869
377.5257631	0.000126974
377.6257875	0.000254084
377.725812	0.000157846
377.8258364	-0.0004528
377.9258608	0.000205639
378.0258852	0.000882497
378.1259096	0.001700059
378.2259341	0.001048226
378.3259585	6.68745E-05
378.4259829	9.2445E-05
378.5260073	0.000885814
378.6260317	0.001033936
378.7260562	0.000541931
378.8260806	0.000274737
378.926105	0.001261879
379.0261294	0.001351269
379.1261538	0.001451078
379.2261783	0.001513929
379.3262027	0.001292101
379.4262271	0.000576085
379.5262515	0.00129579
379.6262759	0.001077446
379.7263004	0.001226576
379.8263248	0.000301456
379.9263492	0.000794885
380.0263736	0.000881079
380.126398	0.00165308
380.2264225	0.001953386
380.3264469	0.003101624
380.4264713	0.00304224
380.5264957	0.001901739
380.6265201	0.001432442
380.7265446	0.002528695
380.826569	0.001234841
380.9265934	0.00174577
381.0266178	0.00230142
381.1266422	0.001641773
381.2266667	0.002252319
381.3266911	0.004078042
381.4267155	0.003356649
381.5267399	0.002883048
381.6267643	0.003517801
381.7267888	0.003886745
381.8268132	0.003958888
381.9268376	0.00392315
382.026862	0.00372473
382.1268864	0.003626482
382.2269109	0.001993571
382.3269353	0.00325608
382.4269597	0.003609301
382.5269841	0.0026853
382.6270085	0.002465957
382.727033	0.002978493
382.8270574	0.002676747
382.9270818	0.001516278
383.0271062	0.003147405
383.1271306	0.002871554
383.2271551	0.004238526
383.3271795	0.004842927
383.4272039	0.003805859
383.5272283	0.003350724
383.6272527	0.00389081
383.7272772	0.002201295
383.8273016	0.002718776
383.927326	0.003547056
384.0273504	0.004134885
384.1273748	0.003995848
384.2273993	0.003552042
384.3274237	0.003889174
384.4274481	0.003178078
384.5274725	0.003442837
384.6274969	0.002677223
384.7275214	0.00264733
384.8275458	0.00189988
384.9275702	0.00314101
385.0275946	0.00333182
385.127619	0.00207493
385.2276435	0.002065226
385.3276679	0.002628871
385.4276923	0.002705311
385.5277167	0.002009567
385.6277411	0.001991409
385.7277656	0.001839195
385.82779	0.001535279
385.9278144	0.002015274
386.0278388	0.002319571
386.1278632	0.002148525
386.2278877	0.001061876
386.3279121	0.000535942
386.4279365	0.000909894
386.5279609	0.001087203
386.6279853	0.002475408
386.7280098	0.002354548
386.8280342	0.001960092
386.9280586	0.001871169
387.028083	0.000327559
387.1281074	0.001090175
387.2281319	0.001508923
387.3281563	0.001280258
387.4281807	0.000503288
387.5282051	2.72434E-05
387.6282295	0.000652914
387.728254	-3.25585E-05
387.8282784	0.00031668
387.9283028	0.0001003
388.0283272	-0.00035853
388.1283516	0.000549512
388.2283761	0.00220472
388.3284005	0.001186453
388.4284249	0.001937652
388.5284493	0.002304384
388.6284737	0.002953261
388.7284982	0.002827218
388.8285226	0.002653981
388.928547	0.002443188
389.0285714	0.000777019
389.1285958	-0.000597189
389.2286203	0.000168359
389.3286447	0.000996163
389.4286691	0.001241021
389.5286935	0.001260598
389.6287179	0.00118838
389.7287424	0.001604868
389.8287668	0.001836627
389.9287912	0.002113771
390.0288156	0.002971086
390.12884	0.003184168
390.2288645	0.001687924
390.3288889	0.001866481
390.4289133	0.001910112
390.5289377	0.002221936
390.6289621	0.002041366
390.7289866	0.001299247
390.829011	0.000830638
390.9290354	0.000786585
391.0290598	0.0009848
391.1290842	0.001196272
391.2291087	0.000865621
391.3291331	0.000827993
391.4291575	-0.000126141
391.5291819	0.000439464
391.6292063	-9.68349E-05
391.7292308	0.001139387
391.8292552	0.001279657
391.9292796	0.001715458
392.029304	0.002053983
392.1293284	0.001541942
392.2293529	0.000629266
392.3293773	0.001561033
392.4294017	0.001947699
392.5294261	0.000331398
392.6294505	0.001210931
392.729475	0.001095238
392.8294994	0.001381533
392.9295238	-0.000228955
393.0295482	-0.000539652
393.1295726	-0.000146452
393.2295971	0.000756878
393.3296215	0.001027011
393.4296459	0.001641234
393.5296703	0.001162431
393.6296947	0.000663931
393.7297192	0.000657289
393.8297436	0.001114295
393.929768	0.000720637
394.0297924	2.8369E-05
394.1298168	-0.000107664
394.2298413	-0.000201889
394.3298657	-0.000415471
394.4298901	8.68117E-05
394.5299145	0.000556451
394.6299389	0.001273377
394.7299634	0.002614573
394.8299878	0.002143762
394.9300122	0.000350834
395.0300366	-0.000127057
395.1300611	0.000322684
395.2300855	0.000893246
395.3301099	0.001065149
395.4301343	0.001112546
395.5301587	0.001765719
395.6301832	0.001072356
395.7302076	0.000654028
395.830232	-0.000542999
395.9302564	0.000428258
396.0302808	0.001304512
396.1303053	0.001175705
396.2303297	0.000744307
396.3303541	0.000619485
396.4303785	0.000195655
396.5304029	0.000471388
396.6304274	0.001441044
396.7304518	0.003419301
396.8304762	0.002508278
396.9305006	0.001987092
397.030525	0.001171644
397.1305495	0.001769412
397.2305739	0.001764318
397.3305983	0.001757691
397.4306227	1.80907E-05
397.5306471	-0.00050348
397.6306716	-4.16197E-05
397.730696	0.000413748
397.8307204	0.001838835
397.9307448	0.002387996
398.0307692	0.000738423
398.1307937	0.002102138
398.2308181	0.004598178
398.3308425	0.003556929
398.4308669	0.003472053
398.5308913	0.002909904
398.6309158	0.001786773
398.7309402	0.003005721
398.8309646	0.002881568
398.930989	0.00354816
399.0310134	0.00268336
399.1310379	0.003229787
399.2310623	0.004227267
399.3310867	0.00373953
399.4311111	0.00233095
399.5311355	0.002841339
399.63116	0.003351157
399.7311844	0.003595879
399.8312088	0.003024903
399.9312332	0.002165742
400.0312576	0.001730132
400.1312821	0.001806512
400.2313065	0.003332896
400.3313309	0.003322794
400.4313553	0.003255216
400.5313797	0.002869208
400.6314042	0.003128542
400.7314286	0.003307839
400.831453	0.003167049
400.9314774	0.002995643
401.0315018	0.002728187
401.1315263	0.002326014
401.2315507	0.003381004
401.3315751	0.003952074
401.4315995	0.004084617
401.5316239	0.003480162
401.6316484	0.002615655
401.7316728	0.001687752
401.8316972	0.002439869
401.9317216	0.003012863
402.031746	0.001407076
402.1317705	0.001388507
402.2317949	0.002000843
402.3318193	0.001989944
402.4318437	0.002457642
402.5318681	0.002538511
402.6318926	0.00300374
402.731917	0.003004799
402.8319414	0.002800258
402.9319658	0.003125566
403.0319902	0.003068966
403.1320147	0.004093615
403.2320391	0.002747951
403.3320635	0.00373234
403.4320879	0.003083464
403.5321123	0.002352008
403.6321368	0.002314183
403.7321612	0.002637116
403.8321856	0.003172616
403.93221	0.00347437
404.0322344	0.002268243
404.1322589	0.001627003
404.2322833	0.001109487
404.3323077	0.00112322
404.4323321	-0.000277377
404.5323565	-0.00134306
404.632381	0.000423486
404.7324054	0.001065321
404.8324298	0.000504587
404.9324542	0.000361147
405.0324786	-0.000188966
405.1325031	-9.6104E-05
405.2325275	0.001310452
405.3325519	0.001446887
405.4325763	0.001431613
405.5326007	0.00138999
405.6326252	0.000707801
405.7326496	0.000547545
405.832674	0.000819813
405.9326984	0.002326139
406.0327228	0.001458304
406.1327473	0.001552562
406.2327717	0.002366862
406.3327961	0.001499511
406.4328205	0.001261102
406.5328449	0.001214038
406.6328694	0.001345724
406.7328938	0.001176076
406.8329182	0.001107286
406.9329426	0.002461927
407.032967	0.003474918
407.1329915	0.002209528
407.2330159	0.001931794
407.3330403	0.001353932
407.4330647	0.001538354
407.5330891	0.002258895
407.6331136	0.002483847
407.733138	0.002025088
407.8331624	0.002007319
407.9331868	0.002301262
408.0332112	0.00192907
408.1332357	0.003628662
408.2332601	0.003469932
408.3332845	0.002368795
408.4333089	0.002424223
408.5333333	0.000937567
408.6333578	0.001240566
408.7333822	0.00174554
408.8334066	0.00213531
408.933431	0.002911142
409.0334554	0.001990553
409.1334799	0.001285759
409.2335043	0.001946589
409.3335287	0.001886322
409.4335531	0.002849111
409.5335775	0.003235894
409.633602	0.003697726
409.7336264	0.002725081
409.8336508	0.002279733
409.9336752	0.001808272
410.0336996	0.001944822
410.1337241	0.001656565
410.2337485	0.00183217
410.3337729	0.001799834
410.4337973	0.000470349
410.5338217	0.001326377
410.6338462	0.001063106
410.7338706	0.001728656
410.833895	0.001632525
410.9339194	0.001165407
411.0339438	0.001721011
411.1339683	0.002021552
411.2339927	0.001614149
411.3340171	0.000921762
411.4340415	0.00114855
411.5340659	0.001366934
411.6340904	0.001122428
411.7341148	0.000414737
411.8341392	0.001129135
411.9341636	0.001694796
412.034188	0.001762612
412.1342125	0.000555434
412.2342369	0.000842642
412.3342613	0.000522229
412.4342857	0.001407544
412.5343101	0.001063058
412.6343346	0.000355311
412.734359	0.000285357
412.8343834	0.000715576
412.9344078	0.000787801
413.0344322	0.002215903
413.1344567	0.002415366
413.2344811	0.002967323
413.3345055	0.00272154
413.4345299	0.002021517
413.5345543	0.002612119
413.6345788	0.002207351
413.7346032	0.00193605
413.8346276	0.002253022
413.934652	0.002289502
414.0346764	0.00342751
414.1347009	0.003809461
414.2347253	0.003616006
414.3347497	0.003997984
414.4347741	0.003707489
414.5347985	0.004139386
414.634823	0.003003379
414.7348474	0.002610051
414.8348718	0.002585692
414.9348962	0.003108796
415.0349206	0.002117007
415.1349451	0.002656503
415.2349695	0.003425562
415.3349939	0.002505661
415.4350183	0.001698288
415.5350427	0.001730011
415.6350672	0.002737652
415.7350916	0.001592327
415.835116	0.002470571
415.9351404	0.003241526
416.0351648	0.003730065
416.1351893	0.003138292
416.2352137	0.003126837
416.3352381	0.003339534
416.4352625	0.001790998
416.5352869	0.000247621
416.6353114	0.000570038
416.7353358	0.00210669
416.8353602	0.000959237
416.9353846	0.001026288
417.035409	0.000469553
417.1354335	0.000336546
417.2354579	0.000818364
417.3354823	0.000743623
417.4355067	0.001384615
417.5355311	0.001629062
417.6355556	0.000119896
417.73558	-0.000876168
417.8356044	-0.001209155
417.9356288	-0.001924596
418.0356532	-0.001786183
418.1356777	-0.002602661
418.2357021	-0.003947839
418.3357265	-0.002421056
418.4357509	-0.000163191
418.5357753	-0.001490399
418.6357998	-0.001586948
418.7358242	-0.00119644
418.8358486	-0.001212062
418.935873	-0.001399832
419.0358974	-0.001943879
419.1359219	-0.001676375
419.2359463	-0.002505007
419.3359707	-0.002491819
419.4359951	-0.002544394
419.5360195	-0.002876669
419.636044	-0.003779952
419.7360684	-0.003829603
419.8360928	-0.003539607
419.9361172	-0.003138716
420.0361416	-0.003916597
420.1361661	-0.003180875
420.2361905	-0.002227226
420.3362149	-0.002067401
420.4362393	-0.001529846
420.5362637	-0.001395112
420.6362882	-0.001211406
420.7363126	-0.001023659
420.836337	-0.00095159
420.9363614	-0.000608002
421.0363858	-0.001418441
421.1364103	-0.001476283
421.2364347	-0.000748055
421.3364591	-1.74705E-05
421.4364835	6.02508E-05
421.5365079	-0.001123811
421.6365324	-0.000593309
421.7365568	0.000124553
421.8365812	0.000387157
421.9366056	0.000755592
422.03663	0.00029347
422.1366545	0.000782837
422.2366789	0.000408845
422.3367033	0.001043374
422.4367277	0.000905426
422.5367521	0.001162968
422.6367766	0.00107939
422.736801	0.000929671
422.8368254	0.001020247
422.9368498	0.000118535
423.0368742	0.001037028
423.1368987	0.001366032
423.2369231	0.001454395
423.3369475	0.000778146
423.4369719	-6.76287E-05
423.5369963	0.000992277
423.6370208	0.001479146
423.7370452	0.00098163
423.8370696	0.000592002
423.937094	-0.000206897
424.0371184	0.000721708
424.1371429	0.000875338
424.2371673	0.000185571
424.3371917	-0.000375316
424.4372161	-0.000225995
424.5372405	-0.000826093
424.637265	-0.000427684
424.7372894	0.000453632
424.8373138	0.001232568
424.9373382	0.000419287
425.0373626	-0.000422986
425.1373871	-0.000737963
425.2374115	-0.001120812
425.3374359	-0.000885678
425.4374603	-0.000569938
425.5374847	-0.00027619
425.6375092	-0.000521679
425.7375336	-0.001476334
425.837558	-0.001552019
425.9375824	-0.001155085
426.0376068	-0.002654178
426.1376313	-0.002477109
426.2376557	-0.002693258
426.3376801	-0.002814268
426.4377045	-0.002746028
426.5377289	-0.002365378
426.6377534	-0.003559373
426.7377778	-0.003458116
426.8378022	-0.003382548
426.9378266	-0.003616405
427.037851	-0.003185934
427.1378755	-0.002968272
427.2378999	-0.003350975
427.3379243	-0.003291228
427.4379487	-0.003380785
427.5379731	-0.002447256
427.6379976	-0.003084962
427.738022	-0.004170814
427.8380464	-0.003604963
427.9380708	-0.004193311
428.0380952	-0.003888149
428.1381197	-0.002964978
428.2381441	-0.003262003
428.3381685	-0.003492687
428.4381929	-0.002402063
428.5382173	-0.001158853
428.6382418	-0.000923749
428.7382662	-0.000756961
428.8382906	-0.001131126
428.938315	-0.001379176
429.0383394	-0.002248085
429.1383639	-0.001355954
429.2383883	-0.001412302
429.3384127	-0.000998349
429.4384371	-0.000872976
429.5384615	-0.001527445
429.638486	-0.001311735
429.7385104	0.000116017
429.8385348	0.000164721
429.9385592	-0.000362105
430.0385836	7.02532E-05
430.1386081	0.001299897
430.2386325	0.00100419
430.3386569	0.000681067
430.4386813	0.001261336
430.5387057	0.001305328
430.6387302	0.000711931
430.7387546	0.000447285
430.838779	0.001127988
430.9388034	0.003378756
431.0388278	0.002610409
431.1388523	0.001783484
431.2388767	0.002655096
431.3389011	0.002584133
431.4389255	0.002093451
431.5389499	0.002314828
431.6389744	0.002296533
431.7389988	0.001695196
431.8390232	0.001606147
431.9390476	0.003084397
432.039072	0.003945135
432.1390965	0.003674707
432.2391209	0.003679981
432.3391453	0.003672861
432.4391697	0.002479358
432.5391941	0.001986877
432.6392186	0.0015973
432.739243	0.001288152
432.8392674	0.001685478
432.9392918	0.001408272
433.0393162	0.00026382
433.1393407	0.000364638
433.2393651	0.000762381
433.3393895	0.000509481
433.4394139	0.000284272
433.5394383	-0.000240015
433.6394628	-0.000128623
433.7394872	0.000197239
433.8395116	8.05878E-05
433.939536	0.000324532
434.0395604	-0.000556362
434.1395849	-0.000980632
434.2396093	-0.000590032
434.3396337	-0.000376767
434.4396581	-0.001220238
434.5396825	-0.001354742
434.639707	-0.001130227
434.7397314	-0.001478195
434.8397558	-0.001515802
434.9397802	-0.002676054
435.0398046	-0.003859674
435.1398291	-0.002214557
435.2398535	-0.003204383
435.3398779	-0.002821987
435.4399023	-0.003629379
435.5399267	-0.004881238
435.6399512	-0.004256303
435.7399756	-0.004508303
435.84	-0.004489489
435.9400244	-0.004762603
436.0400488	-0.003941704
436.1400733	-0.003969017
436.2400977	-0.003941965
436.3401221	-0.004477459
436.4401465	-0.003932458
436.5401709	-0.004112269
436.6401954	-0.003913869
436.7402198	-0.003588044
436.8402442	-0.002292555
436.9402686	-0.003197809
437.040293	-0.002475156
437.1403175	-0.002069466
437.2403419	-0.002338954
437.3403663	-0.001714921
437.4403907	-0.001644453
437.5404151	-0.001424083
437.6404396	-0.001743541
437.740464	-0.001774739
437.8404884	-0.002309234
437.9405128	-0.002533479
438.0405372	-0.002335537
438.1405617	-0.001417976
438.2405861	-0.001249279
438.3406105	-0.000732614
438.4406349	0.000291778
438.5406593	-0.000126845
438.6406838	0.000205068
438.7407082	0.000123073
438.8407326	0.000289111
438.940757	0.000237455
439.0407814	0.000829178
439.1408059	0.002544086
439.2408303	0.002179005
439.3408547	0.001675517
439.4408791	0.001560314
439.5409035	0.001447224
439.640928	0.001425678
439.7409524	0.001221766
439.8409768	0.000770869
439.9410012	0.001239687
440.0410256	0.001687822
440.1410501	0.001382737
440.2410745	0.00152332
440.3410989	0.000612315
440.4411233	0.0006941
440.5411477	0.00235581
440.6411722	0.002621145
440.7411966	0.002322407
440.841221	0.002093634
440.9412454	0.001113025
441.0412698	0.0005507
441.1412943	0.000277664
441.2413187	0.000954001
441.3413431	0.001295209
441.4413675	0.0005597
441.5413919	0.000578402
441.6414164	-7.04374E-05
441.7414408	0.000303653
441.8414652	0.000577338
441.9414896	0.000787498
442.041514	0.00033894
442.1415385	0.000458864
442.2415629	0.000397096
442.3415873	-0.000989786
442.4416117	-0.001534171
442.5416361	-0.001316769
442.6416606	-0.0017524
442.741685	-0.001029787
442.8417094	-0.000947518
442.9417338	-0.001468783
443.0417582	-0.001400295
443.1417827	-0.00099394
443.2418071	-0.000821589
443.3418315	-0.001203342
443.4418559	-0.002584367
443.5418803	-0.003402616
443.6419048	-0.002714316
443.7419292	-0.003514219
443.8419536	-0.003587914
443.941978	-0.002313497
444.0420024	-0.002368349
444.1420269	-0.002428826
444.2420513	-0.002216432
444.3420757	-0.001904455
444.4421001	-0.0013508
444.5421245	-0.00028176
444.642149	-0.000252915
444.7421734	-0.000879576
444.8421978	-0.000908798
444.9422222	-0.002053999
445.0422466	-0.00274358
445.1422711	-0.002629127
445.2422955	-0.000130207
445.3423199	-0.000707268
445.4423443	-0.001447346
445.5423687	-0.000556351
445.6423932	-0.001023673
445.7424176	-0.00096975
445.842442	-0.00087482
445.9424664	-0.000792585
446.0424908	-0.000977913
446.1425153	-0.000930501
446.2425397	-0.001461444
446.3425641	-0.000224117
446.4425885	-7.74332E-05
446.5426129	7.85183E-05
446.6426374	-4.73489E-05
446.7426618	-0.000317257
446.8426862	-8.26697E-05
446.9427106	0.000252325
447.042735	0.000282056
447.1427595	0.000463482
447.2427839	0.001265011
447.3428083	0.001489695
447.4428327	0.001345417
447.5428571	0.001466391
447.6428816	0.001496142
447.742906	0.00130443
447.8429304	0.001795728
447.9429548	0.001434576
448.0429792	0.001971714
448.1430037	0.001800009
448.2430281	0.001714398
448.3430525	0.000828671
448.4430769	-0.000155891
448.5431013	0.001062018
448.6431258	0.000516883
448.7431502	0.000593545
448.8431746	0.001056419
448.943199	0.001359994
449.0432234	0.001872256
449.1432479	0.002792779
449.2432723	0.003796836
449.3432967	0.003373065
449.4433211	0.002694961
449.5433455	0.002584912
449.64337	0.003144948
449.7433944	0.002356289
449.8434188	0.001299197
449.9434432	-0.000136095
450.0434676	0.000365226
450.1434921	0.000922518
450.2435165	0.000151007
450.3435409	0.000514034
450.4435653	-0.000122072
450.5435897	0.000148439
450.6436142	0.001013539
450.7436386	0.002169642
450.843663	0.001381215
450.9436874	0.001176155
451.0437118	0.001012208
451.1437363	0.00071026
451.2437607	0.000541567
451.3437851	0.00138334
451.4438095	0.001427063
451.5438339	0.000974875
451.6438584	0.000443785
451.7438828	2.27777E-05
451.8439072	-0.000129963
451.9439316	-0.001204635
452.043956	-0.000612618
452.1439805	-0.001785258
452.2440049	-0.001907794
452.3440293	-0.001321894
452.4440537	-0.001158731
452.5440781	-0.002440163
452.6441026	-0.002671367
452.744127	-0.001597569
452.8441514	-0.002120828
452.9441758	-0.002522128
453.0442002	-0.002352988
453.1442247	-0.001318745
453.2442491	-0.001714544
453.3442735	-0.001811941
453.4442979	-0.001010791
453.5443223	-0.000685499
453.6443468	-0.001765585
453.7443712	-0.001037138
453.8443956	-0.000633368
453.94442	-0.00018557
454.0444444	-0.000110977
